1.000000000000000000e+00
7.013782787252678119e-01
1.000000000000000000e+00
1.000000000000000000e+00
1.000000000000000000e+00
1.000000000000000000e+00
1.000000000000000000e+00
1.000000000000000000e+00
2.511716641965252017e-01
1.000000000000000000e+00
-7.225956603576353388e-01
1.000000000000000000e+00
9.408250169504084326e-02
7.257287066099665784e-01
-3.179668182173012170e-01
-5.534214841985818367e-02
7.221659264334772121e-01
3.441100899280902237e-02
1.000000000000000000e+00
1.000000000000000000e+00
1.000000000000000000e+00
1.950271891950419167e-01
5.229063714464106116e-01
1.000000000000000000e+00
1.000000000000000000e+00
-1.000000000000000000e+00
-6.096806559814684778e-01
-1.000000000000000000e+00
-9.040683081771261342e-02
2.683300219848039347e-02
1.000000000000000000e+00
-1.000000000000000000e+00
-1.000000000000000000e+00
-1.000000000000000000e+00
1.000000000000000000e+00
-1.000000000000000000e+00
1.000000000000000000e+00
1.000000000000000000e+00
1.000000000000000000e+00
8.179013264025093433e-01
-1.000000000000000000e+00
1.000000000000000000e+00
1.000000000000000000e+00
1.000000000000000000e+00
7.363501804830188124e-01
-1.000000000000000000e+00
-1.000000000000000000e+00
1.000000000000000000e+00
-8.280691980129684104e-01
5.191526339284826541e-01
3.306109783633877641e-01
1.000000000000000000e+00
-1.000000000000000000e+00
2.175842619568646441e-01
3.771561114319386121e-01
6.151123912092053558e-01
1.000000000000000000e+00
-9.744015222189512659e-01
-3.801910226881859423e-01
-1.372145932380370859e-01
7.111823835094961410e-01
1.000000000000000000e+00
-4.600797308382040818e-01
-1.000000000000000000e+00
9.609733105591689029e-02
1.000000000000000000e+00
-9.387271875293132783e-01
1.000000000000000000e+00
-1.000000000000000000e+00
-3.731376842347220446e-01
-8.520692894403809614e-01
1.000000000000000000e+00
1.000000000000000000e+00
-1.000000000000000000e+00
-1.000000000000000000e+00
-1.000000000000000000e+00
1.000000000000000000e+00
-1.000000000000000000e+00
1.000000000000000000e+00
1.000000000000000000e+00
-1.565824574677696646e-01
1.000000000000000000e+00
1.000000000000000000e+00
-8.606103340040607286e-01
-1.243874763126932015e-01
1.000000000000000000e+00
9.701749518970923525e-01
1.000000000000000000e+00
-1.000000000000000000e+00
-1.000000000000000000e+00
-1.000000000000000000e+00
-1.848718996959231031e-01
1.000000000000000000e+00
1.000000000000000000e+00
1.000000000000000000e+00
1.000000000000000000e+00
1.000000000000000000e+00
5.901490562889737390e-01
-1.000000000000000000e+00
5.639484628155280177e-01
4.627701697227419309e-01
1.000000000000000000e+00
1.000000000000000000e+00
-1.000000000000000000e+00
1.000000000000000000e+00
1.000000000000000000e+00
-1.000000000000000000e+00
1.000000000000000000e+00
4.561381795372998482e-02
-1.202656806023538749e-02
-1.000000000000000000e+00
1.000000000000000000e+00
1.000000000000000000e+00
-3.732068746113397228e-01
-1.000000000000000000e+00
1.000000000000000000e+00
1.000000000000000000e+00
1.000000000000000000e+00
8.075452174114341464e-01
3.684215052017505432e-01
-1.000000000000000000e+00
1.000000000000000000e+00
2.464975034751734073e-01
1.000000000000000000e+00
1.000000000000000000e+00
1.000000000000000000e+00
-1.000000000000000000e+00
-4.025720622218204037e-01
4.862985631969127809e-01
-1.000000000000000000e+00
1.000000000000000000e+00
1.000000000000000000e+00
-1.000000000000000000e+00
-4.338851107371751170e-01
4.673153432856018696e-01
1.000000000000000000e+00
-8.024482076457855051e-01
-1.000000000000000000e+00
-1.000000000000000000e+00
-4.604534942355271165e-01
1.000000000000000000e+00
-1.000000000000000000e+00
-1.000000000000000000e+00
1.000000000000000000e+00
1.000000000000000000e+00
-2.212150452130812184e-01
-1.000000000000000000e+00
-1.267296949307816223e-01
-1.000000000000000000e+00
5.413845509939032574e-01
2.257715554899113464e-01
-1.000000000000000000e+00
-1.000000000000000000e+00
4.832652526568232965e-01
-1.000000000000000000e+00
-1.000000000000000000e+00
-1.000000000000000000e+00
-6.558037058127239582e-01
1.000000000000000000e+00
8.677788145302054446e-01
9.398116586446806364e-01
1.000000000000000000e+00
-1.000000000000000000e+00
8.540489500808337020e-01
1.000000000000000000e+00
1.000000000000000000e+00
1.000000000000000000e+00
-4.882389337957833142e-01
1.000000000000000000e+00
-6.475146091612279386e-01
-2.006597157787193275e-01
-7.184017560212270226e-01
1.000000000000000000e+00
1.000000000000000000e+00
1.000000000000000000e+00
-2.661571360545145204e-01
-1.000000000000000000e+00
9.780582210949537725e-01
5.428364598176318445e-01
1.000000000000000000e+00
-1.315201971673471970e-01
3.187897720132544244e-01
-1.000000000000000000e+00
1.000000000000000000e+00
1.000000000000000000e+00
1.000000000000000000e+00
1.000000000000000000e+00
9.059741761420331274e-02
-1.000000000000000000e+00
9.285784412524604736e-01
-7.348866181850748358e-01
1.000000000000000000e+00
1.000000000000000000e+00
1.000000000000000000e+00
1.000000000000000000e+00
1.000000000000000000e+00
-1.000000000000000000e+00
1.000000000000000000e+00
-1.000000000000000000e+00
1.000000000000000000e+00
1.000000000000000000e+00
1.000000000000000000e+00
1.000000000000000000e+00
-8.361767043230754481e-01
1.000000000000000000e+00
-4.695224474432275752e-01
8.749533431893428137e-01
1.000000000000000000e+00
-1.000000000000000000e+00
-1.000000000000000000e+00
2.150741833674223447e-01
-1.000000000000000000e+00
2.736177915567203911e-01
4.345042560467295978e-01
7.383831168893477681e-01
-2.932519653841714202e-01
1.000000000000000000e+00
9.208535536362194573e-01
1.000000000000000000e+00
-5.537423320494290202e-01
1.000000000000000000e+00
-1.000000000000000000e+00
1.313116001741510552e-01
7.871597891903397981e-01
-1.000000000000000000e+00
1.000000000000000000e+00
1.000000000000000000e+00
1.000000000000000000e+00
1.000000000000000000e+00
1.000000000000000000e+00
-1.000000000000000000e+00
-1.000000000000000000e+00
1.000000000000000000e+00
-1.000000000000000000e+00
-1.000000000000000000e+00
-1.000000000000000000e+00
-1.752115682348245329e-01
-7.515269636868340264e-01
1.000000000000000000e+00
6.903320825126346705e-02
1.000000000000000000e+00
-2.606064748304186551e-01
1.000000000000000000e+00
-1.000000000000000000e+00
1.000000000000000000e+00
-1.000000000000000000e+00
6.824698668108445387e-01
1.000000000000000000e+00
1.000000000000000000e+00
-9.914298014780724699e-01
-5.973703388860829300e-01
2.724519387022676931e-01
-1.000000000000000000e+00
1.000000000000000000e+00
-1.000000000000000000e+00
1.000000000000000000e+00
1.000000000000000000e+00
-3.745564740934760328e-01
-1.000000000000000000e+00
1.000000000000000000e+00
1.817598662788112440e-01
4.134966058334934580e-01
1.000000000000000000e+00
-1.000000000000000000e+00
1.000000000000000000e+00
