-2.985565390556324417e+00
1.514883390706616373e+00
-6.242017042771578872e+00
4.203149136356132409e+00
-5.192803256981780358e+00
-4.158986749040153308e-01
4.589064208284110435e+00
1.327990800230815172e+00
-3.831202348208235353e+00
-7.494453864655671538e+00
7.977678698489401032e-01
5.466662418530672696e+00
-4.427269027481583130e+00
2.804404672418946198e+00
-7.312606888591668408e+00
-9.867298168128543878e+00
7.466301374707658312e+00
-3.513745084753537196e+00
3.780480949517446732e+00
-3.277540770010827220e+00
8.329467003793764590e+00
-2.877304375213370680e+00
1.842260359925518065e+00
2.735242598210205323e+00
3.916761005802851248e+00
4.183111840759677347e-01
7.413688656043204261e+00
7.963132308201928744e+00
7.032541760257875474e+00
3.157457887510907391e+00
9.024846752330084598e+00
-6.057005151654453190e-01
-3.190710612611139751e+00
-3.710619472196270419e+00
7.795502948338089766e+00
-1.136963069951195004e+00
5.865141737560621849e+00
6.078265355218270827e-01
6.663516748122414457e-01
4.104769421818090791e+00
-7.801230268037204763e-01
-3.980880891482440731e+00
4.791576503791356245e+00
1.301069770847454787e+00
6.457998216194856589e+00
-1.283860922873539590e+00
-8.786012005770754030e+00
4.815354556166252520e-01
-6.118142218347642824e+00
-4.363591182000583046e+00
4.110248843671197250e+00
-4.910548394662751726e+00
1.413262658974734576e+00
6.266234665411591465e+00
1.000000000000000000e+01
-7.569770434939773196e+00
8.089448132559060589e-01
4.828753731634056301e+00
5.231988314384103944e+00
-8.311787706280437504e+00
-3.501428680958336148e+00
2.046376009605596291e+00
9.455801865442653664e+00
-2.478238160587868943e-01
-9.367916112398974704e+00
7.055482807968277648e+00
-1.003768188101563208e+00
-7.302282725578945310e+00
9.702997453368578107e+00
4.027642903011983577e+00
8.180848534987662291e+00
-5.428660682104828883e-01
1.000000000000000000e+01
-4.991998082681929461e+00
3.233664055131646009e+00
-9.128938150591684453e-01
-2.986101506077516454e+00
9.159414859616978433e+00
-4.767119766762623279e+00
-4.535094263024893602e-01
1.668314351006792373e+00
5.292035061927100603e-01
-6.800589851888487303e+00
1.000000000000000000e+01
4.046655502061147658e+00
5.621927264466991758e+00
7.313033940857542881e+00
-1.232126932359315585e+00
1.000000000000000000e+01
5.901468186052601261e+00
-8.856112371453846777e+00
-2.414949219043430073e+00
3.705850516496328684e+00
4.403156609874610439e+00
3.779889684292153440e+00
8.183227618085050281e+00
1.475904191224190587e+00
-8.615019232416361916e+00
-5.567666882817409402e+00
8.162058853846286155e+00
9.422105015712885390e+00
2.105556288466892578e+00
-2.683584893902391411e+00
-7.909146632376440778e+00
1.000000000000000000e+01
-4.599688000043733460e-01
1.930303855816432490e+00
-3.471340186866957556e+00
1.956481408324695082e+00
-8.837310816836081884e+00
6.920231399614011458e+00
9.088161842562529458e+00
-3.741166360108918454e+00
-1.785783698038487799e+00
-7.004848025429277314e+00
-4.082693979184309208e-01
3.450720275547899396e-01
-2.584671391803524010e+00
-2.299738528491730882e+00
-1.468350542068369013e-01
-5.706371620011766232e+00
6.810154714161891221e+00
8.083726361531709870e+00
-6.011558329611812468e+00
1.067416446737765590e+00
-2.394368135359903338e+00
1.929293385722875565e+00
-5.579663341237232288e+00
-4.609629603794718200e+00
2.903130093307730863e-01
2.553376586250036606e+00
5.466843462337615200e+00
6.034512966725716687e+00
-4.107804368399044392e+00
-5.388814434345947646e+00
-5.859462442307304286e+00
1.921816501147865508e-01
2.808096713736555561e+00
8.662705988057293638e+00
-7.453222619833879126e-01
-1.448068654841724090e+00
2.547953886945049540e+00
8.245838120233170088e+00
-1.057035254673081681e+00
-5.024578170721771819e+00
1.000000000000000000e+01
9.546601404367244470e+00
8.543355511083960963e+00
1.000000000000000000e+01
-6.531757986042959097e+00
2.155759301573668463e+00
5.140172486191613821e+00
-4.197806591297415402e+00
4.418705699507874840e+00
7.097306946890172163e+00
-8.789810125498773274e+00
-1.862527150195933956e-01
-7.082927593965981927e-01
-7.409601772571743794e+00
-9.015253614258252890e-01
8.203562337410494010e+00
6.232900429659617103e+00
-8.036422856617146948e+00
-2.313862077835528552e+00
2.091628258409401475e+00
-1.913413635822378556e+00
-3.259558232111498532e-01
2.215456351166548821e+00
1.218431760092179239e+00
5.163720640730496747e+00
7.871334627796886529e+00
-9.955712377089944720e-01
7.796413676269320803e+00
-5.181106329629820983e+00
8.744876780894399459e+00
1.135258994019790801e+00
-3.962940277238065967e+00
8.167737661937696458e+00
-8.024719932754130980e+00
-5.736171994772097271e+00
-7.012199662361247032e-01
5.127548126978212828e+00
6.575101966731374148e+00
7.310326347701680660e+00
-1.000000000000000000e+01
-6.260793628474682571e+00
-7.865492186968609190e+00
4.656850406072993387e+00
-2.384180826529131991e-01
9.178457519812863730e-01
-7.002608862274898982e+00
6.419576523298667681e+00
-6.383243271089047433e-01
5.828688793091398423e+00
1.444082751448794166e-01
-5.598500420598316651e+00
-4.898460535312120889e+00
-3.177721929809159018e+00
6.968047373968203395e+00
1.166360374633986563e+00
7.816953197065649839e+00
-6.132216571739016686e+00
8.802330438576928984e+00
-7.062317385494730537e+00
7.533268717818540239e+00
5.627039119411390899e+00
1.000000000000000000e+01
7.825072197114743666e+00
7.116266808959803569e+00
2.894495246175963654e+00
-4.160827028246329107e+00
9.575070171197184621e+00
-8.939292383270151632e+00
-1.000000000000000000e+01
-7.388162869604259164e+00
1.373319226109182001e+00
-4.938657438770116315e+00
-8.906550420816117253e+00
1.000000000000000000e+01
-5.835663121024223798e+00
-5.822582226771602976e+00
-1.000000000000000000e+01
4.507547066326402785e+00
8.831744643547523310e+00
-8.485592374172165719e+00
8.563486373873507418e+00
7.769944382525038051e+00
-1.899599425617268800e-01
-1.494961323386566843e+00
-8.277897691019528992e+00
-7.720895131103340248e+00
-2.663724739811330178e+00
-5.122106763401636620e+00
5.445029843205542619e+00
-4.588701418261643461e+00
-5.022695577132015643e+00
3.099131225093700870e+00
-1.926068240005282428e+00
-3.914205637186177089e+00
-1.953529252253895176e+00
8.586447051536291397e+00
-2.388710205658462371e+00
-8.417729562511269137e+00
-4.705621117232951178e+00
-6.239327285592025873e+00
6.313056594531831323e+00
-2.429139142215759772e+00
-8.917965019265607918e-01
6.886155524870198441e+00
9.482341782803450414e+00
-7.902054998170964240e+00
-2.893088489887572390e+00
-2.774244796163507942e+00
4.506249926336415967e+00
5.310822886559237510e+00
1.284875455449398185e+00
1.000000000000000000e+01
2.928532656504126752e+00
6.623679915783085015e+00
-2.626574904755340167e+00
-1.649648402779990475e+00
1.000000000000000000e+01
-5.942960652241596975e+00
6.990156906236884460e+00
9.866988334019308748e-01
