1.000000000000000000e+00
1.000000000000000000e+00
-1.000000000000000000e+00
8.392291844389201394e-01
2.053560187797216496e-01
-1.000000000000000000e+00
-1.000000000000000000e+00
1.000000000000000000e+00
1.000000000000000000e+00
-6.737698320178325817e-01
1.000000000000000000e+00
1.000000000000000000e+00
1.000000000000000000e+00
-1.000000000000000000e+00
1.000000000000000000e+00
-1.000000000000000000e+00
0.000000000000000000e+00
-9.826263053385569934e-01
-1.000000000000000000e+00
-1.000000000000000000e+00
1.000000000000000000e+00
1.000000000000000000e+00
1.000000000000000000e+00
1.000000000000000000e+00
7.684597336627589925e-01
-1.000000000000000000e+00
-1.000000000000000000e+00
1.000000000000000000e+00
7.813905079559149147e-01
1.000000000000000000e+00
-1.000000000000000000e+00
-4.700247024240600258e-01
1.128971377213576766e-01
-1.000000000000000000e+00
-9.376137474319087284e-01
-5.628952177250662325e-01
1.000000000000000000e+00
-1.000000000000000000e+00
1.000000000000000000e+00
-1.000000000000000000e+00
-1.000000000000000000e+00
-7.916795631877995287e-01
1.000000000000000000e+00
1.000000000000000000e+00
-1.000000000000000000e+00
-4.284862835138758541e-01
2.408220828454588069e-02
1.000000000000000000e+00
6.557748933746418984e-01
-1.000000000000000000e+00
-1.000000000000000000e+00
-1.000000000000000000e+00
1.000000000000000000e+00
-1.000000000000000000e+00
-1.433326218124661988e-01
-1.000000000000000000e+00
1.000000000000000000e+00
-1.000000000000000000e+00
-8.760067289166458826e-01
-1.000000000000000000e+00
1.000000000000000000e+00
-1.000000000000000000e+00
1.000000000000000000e+00
-2.509073092531097782e-01
-1.000000000000000000e+00
-5.836068171059360932e-01
1.000000000000000000e+00
-1.000000000000000000e+00
-1.000000000000000000e+00
1.000000000000000000e+00
-4.044180203683698238e-01
-1.000000000000000000e+00
-1.000000000000000000e+00
1.000000000000000000e+00
1.784528688370237148e-01
1.000000000000000000e+00
-1.000000000000000000e+00
1.000000000000000000e+00
1.000000000000000000e+00
-1.000000000000000000e+00
-1.000000000000000000e+00
-1.000000000000000000e+00
-1.000000000000000000e+00
1.000000000000000000e+00
-1.000000000000000000e+00
-1.000000000000000000e+00
1.000000000000000000e+00
6.298910496608770559e-01
-1.000000000000000000e+00
1.000000000000000000e+00
-1.000000000000000000e+00
1.000000000000000000e+00
-1.000000000000000000e+00
-1.000000000000000000e+00
1.000000000000000000e+00
-8.718407875270974827e-01
-1.000000000000000000e+00
8.842406246481471221e-01
-1.000000000000000000e+00
1.000000000000000000e+00
1.000000000000000000e+00
-1.000000000000000000e+00
-4.743640047722255115e-01
1.000000000000000000e+00
1.000000000000000000e+00
-1.000000000000000000e+00
-1.000000000000000000e+00
-5.763569054892191401e-01
1.000000000000000000e+00
-1.000000000000000000e+00
-3.097225355142745329e-01
1.000000000000000000e+00
-4.791344110912776344e-01
-1.000000000000000000e+00
-1.000000000000000000e+00
1.000000000000000000e+00
8.830575788696508610e-01
-1.000000000000000000e+00
1.000000000000000000e+00
1.000000000000000000e+00
-1.000000000000000000e+00
2.269753787714481885e-01
-7.918349140327052282e-02
1.000000000000000000e+00
1.000000000000000000e+00
-4.703800856114943585e-01
1.000000000000000000e+00
-1.000000000000000000e+00
1.000000000000000000e+00
-1.000000000000000000e+00
-1.000000000000000000e+00
1.000000000000000000e+00
1.000000000000000000e+00
3.028154940618619229e-01
-1.000000000000000000e+00
-1.000000000000000000e+00
-1.000000000000000000e+00
-1.000000000000000000e+00
1.000000000000000000e+00
1.000000000000000000e+00
1.000000000000000000e+00
-1.000000000000000000e+00
-1.000000000000000000e+00
-1.000000000000000000e+00
1.000000000000000000e+00
1.000000000000000000e+00
1.000000000000000000e+00
1.000000000000000000e+00
-9.173964308869191342e-01
-1.000000000000000000e+00
-1.000000000000000000e+00
-3.316768935872280721e-01
-1.000000000000000000e+00
-8.824525479502876024e-01
-1.000000000000000000e+00
-4.572103387061124402e-01
-1.000000000000000000e+00
-8.823272336972340923e-01
1.000000000000000000e+00
1.000000000000000000e+00
2.658274340185911577e-01
8.821361682747552724e-02
-3.108171315720911765e-01
-1.000000000000000000e+00
-1.000000000000000000e+00
1.000000000000000000e+00
1.000000000000000000e+00
-1.368580161539929563e-01
1.000000000000000000e+00
-1.000000000000000000e+00
-1.000000000000000000e+00
1.923202060015407056e-01
1.000000000000000000e+00
1.000000000000000000e+00
-5.570535571726509261e-01
-3.355661130251732516e-01
-1.000000000000000000e+00
1.000000000000000000e+00
1.000000000000000000e+00
1.000000000000000000e+00
-1.000000000000000000e+00
1.000000000000000000e+00
-1.000000000000000000e+00
-1.000000000000000000e+00
-4.296715327483111579e-01
-1.000000000000000000e+00
-1.000000000000000000e+00
-1.000000000000000000e+00
-1.000000000000000000e+00
-1.000000000000000000e+00
1.000000000000000000e+00
-1.000000000000000000e+00
-1.000000000000000000e+00
1.000000000000000000e+00
-4.248771219291571644e-01
-1.419696500161004571e-01
-1.000000000000000000e+00
1.000000000000000000e+00
-1.000000000000000000e+00
5.481047704157617773e-01
1.000000000000000000e+00
-1.000000000000000000e+00
-1.000000000000000000e+00
1.000000000000000000e+00
-1.000000000000000000e+00
1.000000000000000000e+00
1.000000000000000000e+00
-1.000000000000000000e+00
1.000000000000000000e+00
-1.000000000000000000e+00
-1.000000000000000000e+00
-3.445525948379595249e-01
1.000000000000000000e+00
1.000000000000000000e+00
1.000000000000000000e+00
-1.000000000000000000e+00
-1.000000000000000000e+00
1.000000000000000000e+00
-1.000000000000000000e+00
-1.000000000000000000e+00
-9.109675899072300354e-02
-1.000000000000000000e+00
1.000000000000000000e+00
1.000000000000000000e+00
-7.895970980894065350e-02
3.842751449361641036e-01
-1.000000000000000000e+00
-1.000000000000000000e+00
-2.253608594033833512e-01
1.000000000000000000e+00
1.000000000000000000e+00
8.047173782662158104e-01
-4.086332525562754725e-01
-6.991268515343973533e-01
7.289064733649770478e-01
-1.000000000000000000e+00
1.000000000000000000e+00
2.363270161924407864e-01
1.000000000000000000e+00
6.981372400637253506e-01
-1.000000000000000000e+00
-1.000000000000000000e+00
1.000000000000000000e+00
1.000000000000000000e+00
-7.287974276822475339e-01
5.160152031660203420e-02
-1.000000000000000000e+00
1.000000000000000000e+00
-2.953281298348260364e-01
1.000000000000000000e+00
-1.000000000000000000e+00
-1.000000000000000000e+00
2.031441040624419880e-01
-1.000000000000000000e+00
1.000000000000000000e+00
-6.468201351284665890e-01
1.000000000000000000e+00
-7.439779079561752440e-01
1.000000000000000000e+00
1.000000000000000000e+00
1.000000000000000000e+00
-1.000000000000000000e+00
-1.000000000000000000e+00
-1.000000000000000000e+00
-1.000000000000000000e+00
