1.907410452904022558e-01
-5.092749028956323754e-01
-8.830434988304062260e-01
-1.413950532600150578e-01
-8.547574573744884940e-01
-3.183726365861487273e-01
-4.682390044102874849e-01
3.273883878308595508e-01
4.090776730521194504e-01
-4.112267113890062942e-01
-8.671743882460192232e-01
-1.587632367555375790e-01
3.942901881517184570e-01
2.190682858245725229e-02
7.645207099688614560e-01
4.291201749460454851e-02
1.220412815377131810e-01
6.241909446084794588e-01
-1.000000000000000000e+00
1.118168191507840081e-02
-1.505634195680901899e-01
-3.448029818606120067e-02
1.632735754823468333e-01
-1.000000000000000000e+00
3.397001562954698461e-01
1.000000000000000000e+00
3.162696844388102058e-01
-2.581441851897345874e-01
2.362257896307718985e-01
-2.117990790371074572e-01
-1.450213665611449487e-02
-3.643103397798421184e-01
-3.350811772434480473e-01
-2.127587897856776378e-01
6.042772475946205368e-01
6.808287230942676738e-01
-9.816979592873165128e-02
-6.984428388168975044e-01
4.664238882327111091e-02
4.377220955839608574e-02
5.495096077588588201e-01
-1.000000000000000000e+00
4.892285092606719898e-02
-7.112952625451631761e-01
-5.450235939949530373e-01
-3.754396582653959369e-01
-1.000000000000000000e+00
-3.483283674253287998e-01
-5.708398635771994023e-01
1.000000000000000000e+00
-2.519952220902364481e-01
1.070101745607567045e-02
1.000000000000000000e+00
3.218978415996304188e-01
-6.485409219452585583e-03
-6.545442180840300717e-01
5.170854184146491672e-01
3.875826104547809292e-01
-3.490269693116010430e-01
6.123707909536481309e-02
-1.499673316513128740e-01
3.827705255992860933e-01
-2.380953838294174174e-01
-4.387402700968709435e-01
-6.915429060075017897e-01
1.000000000000000000e+00
-6.456062837920422126e-01
-2.169466742685803307e-01
-2.835252111706709766e-01
6.686296305168484277e-01
-8.131326984177569828e-02
-6.466925436170343211e-01
-3.897240502146340213e-02
-1.000000000000000000e+00
-2.338822577975072092e-01
3.825909553204347863e-02
2.330259642021701438e-01
2.883695225961564468e-01
3.947731121952096078e-01
-4.551074253507245149e-02
5.393903199771933332e-01
-6.350313671093814616e-01
3.828326304408101732e-01
1.000000000000000000e+00
-1.303286860954935289e-01
8.585000347460723935e-01
4.404758638624591827e-01
-5.883539892693041562e-01
4.304375005416061217e-02
-1.896669395477330045e-01
5.775214285694116323e-02
2.907502374841431925e-01
8.438046010605494696e-02
3.508885735310177667e-01
3.474933884930154204e-01
9.445888052090553044e-01
1.593097340804390250e-01
-8.674240357942999413e-01
-8.074217427652036205e-01
1.718494197343028163e-01
1.322191868080479782e-01
2.079038623925451301e-01
5.309064090053086105e-01
-3.538695659306764218e-01
-7.831174666736611112e-01
-1.225040601057427042e-01
3.988154061459643906e-01
4.576472540188070148e-02
1.427419109366320216e-01
1.457442339544476329e-01
1.567826517875388626e-01
-4.208997329068976945e-01
-8.579223352452097773e-02
-1.541350290639276199e-02
-2.547389995186306599e-01
5.158988079805055804e-01
-1.000000000000000000e+00
4.993319325836835243e-01
-3.814236494759496443e-01
1.000000000000000000e+00
-4.968741485927680862e-02
-2.636114551903972480e-01
6.894308852218112849e-01
-6.775621021891213847e-01
-4.475226352428263166e-01
2.886232356062529703e-01
1.498026137118807222e-01
3.274920539353378679e-01
-4.458376953609518578e-01
5.926836747623174251e-01
-6.345824023926073532e-02
5.337843664637822449e-01
3.590315318259255095e-01
7.667316586684131963e-01
4.037569486687481723e-01
3.884470171322065291e-01
-6.775119117650787448e-01
6.082512436401104061e-01
-2.487882925832566594e-01
-3.786904977267162298e-02
1.306255903323621237e-01
-4.724556251246219141e-01
3.667438989766863555e-01
-2.070667324769879802e-01
6.433631740574854985e-02
-4.862963504693206263e-01
-1.050415691449218258e-01
-3.578214376899875870e-01
9.474250222911120844e-02
5.242362914216305847e-02
-7.761886609460487696e-01
7.901607325357785649e-01
-5.129800786150996439e-01
-3.662277999235670212e-01
-2.332164530068577546e-01
-2.175652018288820044e-01
-7.385314493803529778e-01
-2.522388639966106627e-01
-5.099789709612406741e-01
9.414751061995573211e-01
4.014453045682255250e-01
5.418379959489674214e-01
-3.307190173130709621e-01
-1.281697677101433785e-01
5.535659023960332048e-02
9.235733935881076939e-03
-1.635247300352009880e-01
1.000000000000000000e+00
3.149300474490434043e-01
-6.611540243519552495e-01
-2.360756814862751685e-01
4.462041483001799591e-01
5.031993957911926607e-01
1.474633322033526983e-01
-2.311012058908910177e-02
-1.172173552385439715e-01
9.598757456901347851e-01
8.580452317894999847e-01
-4.365908637828888050e-01
-1.000000000000000000e+00
2.599593611127979376e-01
-1.279309195854398395e-01
-5.770407310865437456e-01
-8.124012709658123832e-01
-7.996515112775173240e-01
5.479484063754043177e-01
8.195885433476188808e-01
-7.890660123467008180e-02
-3.423959441080746124e-01
1.000000000000000000e+00
1.000000000000000000e+00
2.476331537876239053e-01
-4.672826570937695378e-01
-2.044844585687824456e-01
1.917655809326749838e-01
-2.979331224124218136e-01
-8.299548176052375936e-01
-1.000000000000000000e+00
-3.059979128032757068e-01
-5.923854387653802039e-02
-1.000000000000000000e+00
4.477997224765217776e-01
6.734535430267094558e-01
2.846322131276723955e-03
1.909106340775869881e-01
3.064698195255286528e-01
-1.000000000000000000e+00
-5.495648342334699121e-01
-2.656752463724036395e-01
3.957473704006135296e-01
1.240897954131093273e-01
1.855406194752799720e-01
2.062520241540838351e-01
7.957399798882913711e-01
6.772591350381281794e-01
1.480539022535177496e-01
-1.397428102432098918e-01
6.446027477357503255e-01
-3.242406744441842514e-01
5.872234032846253005e-01
-1.308018302739072380e-01
-1.000000000000000000e+00
-4.933898840813181752e-01
-4.325475212220733501e-01
7.218075518998809947e-01
-4.352986217104614641e-01
1.000000000000000000e+00
-1.109064598390299972e-01
-6.115512677667310493e-02
-1.981646494651292945e-01
3.083618021444823887e-01
-1.594580336358187023e-01
-1.881450646416298889e-01
-6.064300907065487412e-01
-6.151361715076619774e-02
9.154241438389787433e-01
-4.189183165034022771e-01
1.512135472800947011e-01
-1.039722572879365203e-01
1.465969445718633135e-01
-1.000000000000000000e+00
3.234446520809063363e-01
9.624978468242024743e-01
1.000000000000000000e+00
5.257126295862352139e-01
1.255093445511415162e-01
1.122847219703738963e-01
-1.723051930241344953e-01
2.584722261234451701e-01
3.385291010516647270e-01
-3.200758657406022056e-01
5.431290964093498097e-01
-1.000000000000000000e+00
6.398661119337715197e-01
-2.526648084877273770e-01
6.441084985838074761e-01
2.257975643814485456e-01
3.246313835618896970e-01
-9.481047459667316102e-02
-6.547933297495328597e-02
-1.013729491028803192e-01
-7.140777669923943360e-01
7.271774324622912733e-01
4.360065116838674482e-01
-2.331431115454488112e-01
