
 gen | best | mean | std
 GENERATION 0 | 66.219256 | -1.900243 | 11.463893
 GENERATION 1 | 94.023266 | 7.871353 | 18.530357
 GENERATION 2 | 94.023266 | 18.48059 | 21.648042
 GENERATION 3 | 94.023266 | 28.812858 | 24.177821
 GENERATION 4 | 94.023266 | 35.377148 | 24.407877
 GENERATION 5 | 94.023266 | 42.168586 | 24.192366
 GENERATION 6 | 94.023266 | 46.054989 | 23.24042
 GENERATION 7 | 94.023266 | 43.489223 | 25.063259
 purge
 GENERATION 8 | 94.023266 | 45.773161 | 26.345082
 GENERATION 9 | 94.023266 | 43.983384 | 26.411058
 GENERATION 10 | 94.023266 | 45.596696 | 24.155353
 GENERATION 11 | 94.023266 | 47.123592 | 23.919908
 GENERATION 12 | 94.023266 | 48.225732 | 23.89115
 GENERATION 13 | 94.023266 | 48.24152 | 23.501469
 GENERATION 14 | 94.023266 | 49.991002 | 20.59204
 purge
 GENERATION 15 | 94.023266 | 50.290648 | 24.231552
 GENERATION 16 | 94.023266 | 55.483556 | 15.080853
 GENERATION 17 | 94.023266 | 54.605716 | 18.234881
 GENERATION 18 | 94.023266 | 58.52423 | 13.304916
 GENERATION 19 | 94.023266 | 56.94777 | 15.381313
 GENERATION 20 | 94.023266 | 55.506204 | 17.257772
 GENERATION 21 | 94.023266 | 56.993124 | 15.072238
 purge
 GENERATION 22 | 94.023266 | 48.882407 | 24.917338
 GENERATION 23 | 94.023266 | 58.583743 | 14.457742
 GENERATION 24 | 94.023266 | 60.280745 | 11.080937
 GENERATION 25 | 94.023266 | 59.014536 | 12.436332
 GENERATION 26 | 94.023266 | 61.05481 | 12.81108
 GENERATION 27 | 94.023266 | 61.962556 | 12.145107
 GENERATION 28 | 94.023266 | 61.958242 | 11.681462
 purge
 GENERATION 29 | 94.023266 | 51.282221 | 28.977593