-4.123983948298755564e+01
-1.043353918165912525e-01
0.000000000000000000e+00
-9.925881104089400164e-01
6.288023162567139002e-01
0.000000000000000000e+00
-2.406750323591546170e+00
-6.190366349825998649e-01
1.373724471648270218e-01
1.813345101623024291e+01
0.000000000000000000e+00
0.000000000000000000e+00
-1.365237971258863681e+01
-7.723975201534116763e-02
0.000000000000000000e+00
2.263534576979167312e+01
-1.833096285639547462e-01
0.000000000000000000e+00
-2.377333790878026487e-01
0.000000000000000000e+00
6.732916079522211383e+00
0.000000000000000000e+00
-1.705158194061775134e+01
-4.804412917000839833e-01
-3.346172669337781347e-01
0.000000000000000000e+00
-1.340852004897073968e+01
7.557209511753346654e-01
-1.560970820633807854e+01
1.024650459435328287e+00
-1.181798604594267221e+00
0.000000000000000000e+00
-4.370145748665060226e-01
-5.425330926735572046e-01
2.351060850357216125e+00
2.179120412532273399e+00
-1.985997453473692942e-01
0.000000000000000000e+00
-1.972897462448973238e+00
-3.285108521646550983e+00
2.581786064801192687e-02
-2.127832811413819858e+00
-7.150437132320979217e-01
2.266185245680079952e+00
0.000000000000000000e+00
1.168644361652871444e+00
0.000000000000000000e+00
1.912209198902480090e+00
2.408377975730945142e+00
-3.631155507428636686e-01
-6.763495919919133570e-01
3.070372415342196248e+01
-3.470769207632074860e+00
0.000000000000000000e+00
1.601103798380842935e+00
1.038242717846791008e+00
-1.312328677190681425e+01
0.000000000000000000e+00
-4.128293163702036472e-01
0.000000000000000000e+00
0.000000000000000000e+00
-4.818994109925782254e+00
-1.157215455670868032e+00
-4.259612482538067263e-02
-5.376334645055668160e-01
3.722257140313778856e-01
3.627160578134897406e+01
-6.556286903762865492e+00
-5.650877609223944331e-01
1.015359128015200341e+00
0.000000000000000000e+00
-6.662970039045436721e+00
-4.287333432299728075e-01
4.343130661602207176e+00
6.787859112055776301e-01
1.502088776666529846e+00
-1.920666360467085942e+00
7.541740227018846099e+01
0.000000000000000000e+00
8.782155410697914277e+00
1.393490291155044192e+00
7.270161151204651562e-02
0.000000000000000000e+00
0.000000000000000000e+00
1.120300446829270324e+00
-2.229269900015687922e-01
0.000000000000000000e+00
3.433566927343197905e-01
0.000000000000000000e+00
0.000000000000000000e+00
8.871858544553967718e-01
-6.520370341493143540e-01
6.974225128911833993e-01
-2.379156799283305423e-01
1.611972148576829689e+00
-3.042727345138124928e+00
0.000000000000000000e+00
0.000000000000000000e+00
-3.032389978499124439e+01
9.924115053019639809e-01
2.786209100223525637e-01
0.000000000000000000e+00
-2.620175194946320119e+00
0.000000000000000000e+00
-3.717032780973641426e-01
9.326361433046570504e-02
-2.669824209816555882e-01
-4.596358592598683845e-01
3.606973114223007149e-01
-1.121409510486258698e+00
7.749378148855109449e-01
0.000000000000000000e+00
0.000000000000000000e+00
0.000000000000000000e+00
0.000000000000000000e+00
9.782655331240180940e-01
5.270779472375883401e+00
0.000000000000000000e+00
0.000000000000000000e+00
0.000000000000000000e+00
-2.374985110961359425e+01
1.415307672838766351e+00
0.000000000000000000e+00
-1.295656387617025507e+00
-1.188726418803600859e+00
-2.991264333251838714e+00
0.000000000000000000e+00
-1.355485613425101654e+00
6.845908132415354785e+00
0.000000000000000000e+00
-1.729687223176865629e+00
7.764932979879065611e-01
2.232337658312819051e-01
-3.869140867557571695e-01
-8.440545691944999485e-01
0.000000000000000000e+00
0.000000000000000000e+00
-9.287038020616392719e-01
0.000000000000000000e+00
-6.688987686348071282e-01
1.098444241728593784e+00
1.809547604908978979e-01
3.998630145884734333e+01
-2.097483852328819731e-01
0.000000000000000000e+00
7.077757568652592868e-01
5.996639944570665293e+00
-4.451280973716803757e+00
2.147832423894362464e+00
-9.148990777423090526e-01
0.000000000000000000e+00
-6.745859734966833665e-01
5.342700522869602286e-01
-1.827968247932159729e+00
3.689746873873448241e+00
1.623489749263267168e-01
-1.769608079819738333e-01
-2.409716036551666551e+00
1.496187776665936608e+00
7.378464269734191561e+00
-2.726289692962677869e+00
-1.235348500547421402e+00
1.566379106080107553e+00
0.000000000000000000e+00
1.348485726099995619e+00
-9.577348101700211558e-01
-1.635532343781673958e+01
-2.904486056891228074e+00
0.000000000000000000e+00
-3.414108634360492611e-01
1.255524090661907266e+01
-3.204747864129219082e+00
0.000000000000000000e+00
7.500518212756321912e-01
-2.196168404560895904e-01
3.546997688439095242e+01
0.000000000000000000e+00
-7.793232837906011179e-01
7.498724568419409264e-01
-5.618457097980478210e-02
2.173947229408026871e+00
0.000000000000000000e+00
0.000000000000000000e+00
-3.204231054297839165e+00
-1.635007147440710851e+00
0.000000000000000000e+00
7.165488686192045265e+00
0.000000000000000000e+00
3.306272867173832175e+00
-3.844060744801080620e+00
-2.896943890691281887e+00
-1.753874053688309342e-01
9.292686916625947369e-01
1.388104366802729928e+01
0.000000000000000000e+00
1.078151043098901501e-01
0.000000000000000000e+00
-8.897861871576836501e-01
-3.048006337947415822e+00
-2.407033991569509368e+00
3.204104496320309803e+00
0.000000000000000000e+00
-1.321794271184322245e-01
1.081867797179270063e+00
1.541306746622641777e+00
1.298544291049698041e-01
0.000000000000000000e+00
7.488530454168136341e-01
0.000000000000000000e+00
1.498168752051123702e-02
-6.990460957208877169e-01
0.000000000000000000e+00
6.689138653191550876e-01
-2.347428974906943466e+01
0.000000000000000000e+00
5.166279954991972900e+00
-4.458737704130757290e-02
0.000000000000000000e+00
4.128133536857844094e-02
1.654764901343456662e+00
2.048455284193883585e+01
3.575907703812335470e+00
1.344135483408456788e-01
0.000000000000000000e+00
-3.253786766113983542e-01
0.000000000000000000e+00
0.000000000000000000e+00
9.725657343021183454e-01
2.574165404606266634e+02
-1.288509500590384427e+01
1.166277147274482839e+00
-2.858114016141562352e+00
7.323779836499901386e+00
-2.241627023063911928e+00
6.196158472705784348e+00
-4.820942812248835835e-03
8.748350645719519258e-01
0.000000000000000000e+00
0.000000000000000000e+00
4.195896257020203279e+01
-2.581965790059003751e+01
5.611528424209817345e-01
1.681169649154077017e-01
0.000000000000000000e+00
-2.072434632467050342e-01
1.779057101563225884e-01
0.000000000000000000e+00
6.236250390685238454e-01
-5.747634087164953803e-02
0.000000000000000000e+00
0.000000000000000000e+00
6.067586242117407602e-01
1.232230989544601391e-01
3.383347629523772437e-02
0.000000000000000000e+00
-6.265739629219890805e-01
-3.535329577300696524e-01
-3.882149635065223481e-01
6.746476075784703319e+00
0.000000000000000000e+00
4.727726350950443579e-01
0.000000000000000000e+00
0.000000000000000000e+00
0.000000000000000000e+00
-3.434155981040039940e+00
