
 gen | best | mean | std
 GENERATION 0 | 92.512404 | 14.300436 | 33.583557
 GENERATION 1 | 93.727 | 54.884782 | 36.015832
 GENERATION 2 | 93.727 | 67.635511 | 29.655727
 GENERATION 3 | 93.727 | 78.933851 | 21.098857
 GENERATION 4 | 93.727 | 75.795786 | 24.164154
 GENERATION 5 | 93.727 | 77.112021 | 25.452061
 GENERATION 6 | 93.727 | 76.798273 | 23.811533
 GENERATION 7 | 93.727 | 78.680522 | 23.429369
 purge
 GENERATION 8 | 93.727 | 69.906937 | 35.923645
 GENERATION 9 | 93.727 | 78.4426 | 23.776407
 GENERATION 10 | 93.727 | 83.104201 | 17.601944
 GENERATION 11 | 93.727 | 83.299524 | 17.935954
 GENERATION 12 | 93.727 | 75.187567 | 26.12277
 GENERATION 13 | 93.727 | 82.222224 | 18.340707
 GENERATION 14 | 93.727 | 77.370161 | 24.522182
 purge
 GENERATION 15 | 93.727 | 69.510204 | 37.649757
 GENERATION 16 | 93.727 | 87.110957 | 11.729808
 GENERATION 17 | 93.727 | 88.535033 | 8.688149
 GENERATION 18 | 93.727 | 88.518695 | 9.934877
 GENERATION 19 | 93.727 | 89.364251 | 7.590787
 GENERATION 20 | 93.727 | 88.84639 | 9.896608
 GENERATION 21 | 93.727 | 89.260373 | 8.781027
 purge
 GENERATION 22 | 93.727 | 69.506549 | 39.694081
 GENERATION 23 | 93.727 | 88.239334 | 14.036006
 GENERATION 24 | 93.727 | 89.5187 | 8.167712
 GENERATION 25 | 93.727 | 89.711144 | 5.271865
 GENERATION 26 | 93.727 | 89.336639 | 9.752899
 GENERATION 27 | 93.727 | 90.051619 | 5.18619
 GENERATION 28 | 93.727 | 90.187878 | 5.570232
 purge
 GENERATION 29 | 93.727 | 74.034139 | 35.938746