7.815944831159607809e+00
3.281881921409861125e+00
3.886941076560566977e+00
4.891713750613889466e+00
-3.677279682804086569e-01
9.316228934751148216e+00
-8.559352161900062317e-01
3.391499414375950483e+00
2.467971391508742562e-01
-7.451482063819469204e+00
-7.030487632871676773e+00
8.910153172917494757e+00
5.520954472321299100e+00
-5.756293167153522461e+00
1.422626332111398550e+00
-1.870556693012019212e+00
-6.156790177885386406e+00
-5.057445353272842503e+00
2.597902838884316168e-01
-7.994613548079255061e+00
1.551540211442750117e-01
2.699090973370922075e+00
-7.591751869828124555e+00
3.646880113887258634e+00
6.053333088578172649e+00
-5.993904039510567827e+00
1.000000000000000000e+01
-3.586604127381248563e+00
4.431153720322346778e+00
4.439197258670968260e+00
3.678394713111668324e+00
4.975616490540597070e+00
-8.935189424767745692e+00
3.066206547616349698e-01
4.639329337079178828e+00
3.085812933401086866e+00
-6.527182591329460770e+00
7.840991609111417127e+00
8.262782602528922382e+00
-3.108579615359852721e-01
5.505582254800907016e-01
4.779607866401272886e+00
-3.438958678556580661e-02
4.509661239450525549e+00
-6.538376891266607593e+00
-3.549485005512052371e+00
-8.336499716159050166e+00
6.303607499713226314e-01
9.313779554020300111e+00
-3.099032868014739872e+00
-1.191962159126091381e+00
6.627672812386138368e+00
-2.920670947038581211e+00
-7.999346629694389144e+00
3.415657759450186237e+00
-8.271914230014619562e+00
-8.626685085704441036e+00
9.833222764553443795e+00
5.576804194678816051e-01
-3.733287414975024365e+00
7.881872955036639539e+00
6.391101375472112878e+00
3.452870783085630890e+00
3.240978536743986282e+00
-6.595000109358357676e+00
-5.379180336854735067e+00
6.682638229172427558e+00
-6.352444639466039433e+00
-4.060568757511474836e+00
5.008195909121516465e+00
4.050819086995923968e+00
-9.925511497102975866e+00
4.482770544059286877e+00
-2.339090844580805850e+00
-2.775740228573908563e+00
7.311712812660780436e+00
-8.112514427841782449e+00
-8.180750845277884764e+00
9.930384620810311702e+00
-8.784282210791305445e-02
7.690492571949906209e-01
-9.892319554739858134e+00
-1.646220476685577694e+00
5.922117055856672252e+00
-8.705212424786720748e-02
-4.104202836546492428e+00
6.830376243468043285e+00
-1.586858666849896071e+00
-7.266331973744264872e+00
7.527823302654537585e+00
-4.532666345787547790e+00
5.758250902584215680e+00
2.701135548460244173e+00
6.738573684994655366e+00
6.925856114605887903e+00
-7.382669372721845313e+00
3.125828084710958521e+00
4.067359897734345253e+00
-6.458752137690036754e+00
-4.878997914581011841e+00
-9.438075719084224602e+00
-6.127276136037585808e+00
5.401341016764150460e+00
-9.528148811952364738e+00
2.025409319342419412e+00
8.056073082576801880e+00
-4.466802795066675102e+00
-1.152848094150827229e+00
3.821486518890943707e+00
-6.978952221298512448e+00
2.342702973012909418e+00
-2.384416618883429706e+00
-6.030507365887400439e+00
3.113885693997987314e+00
-7.936325262091582289e+00
9.610514000529349232e+00
9.295425859729412821e+00
4.890540829659344446e+00
5.394447066231598420e+00
-2.061806100300857647e+00
8.763879172758537450e+00
-4.656654183455482432e+00
-1.736360203595184615e+00
3.536876038893973506e-01
9.963779057589434274e+00
-4.699452445016156332e+00
-5.128867368260896065e+00
5.633730469600516377e-01
-2.039186140446476170e+00
3.771489741030540799e+00
5.047075447204965037e+00
8.656921316855527238e+00
9.522683094763454648e+00
5.508915820590518209e+00
-1.481017777936930679e+00
-6.776730601910481155e+00
9.158279101002834821e+00
7.356928320771256580e+00
1.159555827638970360e+00
3.976095771156780145e+00
4.715043092070761332e+00
-2.181920615171596189e+00
4.405393215839510823e+00
4.293613157241431999e+00
-8.962218285793305483e+00
8.640047290471146724e+00
9.030483226066826630e-01
3.114119459023027670e+00
7.801868337135107190e+00
1.853382874796285940e+00
1.735448574469639516e+00
6.129791237705098261e+00
-3.665378181680255310e+00
-2.360569821941641777e+00
6.134253127021495722e+00
4.485605437732278489e+00
4.055704141777111360e+00
5.430667323002666969e+00
1.196862236053258366e+00
-4.793420866299506145e+00
2.223354369330819313e+00
-8.728402395523765733e+00
-6.521803319590159020e+00
-8.583690818932954159e+00
4.064150283143728615e+00
2.548656296059942594e+00
9.726597940341116910e+00
9.113307309300077819e+00
-5.529569541216249107e+00
4.102201288045342231e+00
3.817418891835989925e+00
-7.993852528029761650e+00
6.822304146414493786e+00
-4.823061861513069815e+00
1.023188474545100757e+00
-2.958930359495280271e+00
1.000000000000000000e+01
7.258295659841120795e+00
7.126137221108503894e+00
8.233326865581959808e+00
5.895515488331446008e+00
7.504025400148021774e+00
-6.964433642331137264e+00
1.000000000000000000e+01
4.854069816195400122e+00
7.024714111155820895e+00
6.862212206376184120e+00
1.000000000000000000e+01
5.674985476421910313e+00
8.769299819398691298e+00
9.941703240495924021e+00
-5.539232723649062606e+00
8.361662480594983293e+00
-2.351501250111179275e-01
3.252679720648746109e+00
9.305905605732100128e+00
1.554882730405253266e+00
1.343481547504769225e+00
4.133154963731525910e+00
9.362230443847725070e+00
-4.046493454120248856e+00
8.129518390452792787e+00
6.067631143180973297e+00
-4.519164693136484168e+00
-2.296202153102520960e+00
-1.584404666807087914e+00
9.333293286110031062e+00
1.664486935625727471e+00
-4.105997524833954415e+00
8.048706608427227405e-01
-7.119383721547469790e+00
3.297902685416708835e+00
3.459260733395135290e+00
-5.979383684062672621e+00
5.825057244065263262e+00
-6.008163502172354953e+00
1.141972305788720998e+00
3.366141908269625560e+00
8.546300206358278473e+00
-9.447963835763690810e+00
-4.213280449179468867e+00
1.000000000000000000e+01
1.000000000000000000e+01
-8.626095023934343686e-01
-5.157305746627717014e+00
9.654631992573095900e+00
-4.129325273867674895e+00
-7.181797019741726018e+00
1.638854594506078621e+00
-2.790943316739930680e+00
-2.644538293918912597e+00
-1.380925062824771787e+00
-7.152327607183103453e+00
-2.928793319937768480e+00
3.443307231278568192e+00
-1.385681949545311875e+00
-1.345964844850946029e+00
7.306758800617038752e+00
-9.461920365293710944e+00
8.883522884214684723e+00
6.006634700194036114e+00
-3.925314120166259357e+00
-1.235268185865578738e+00
-2.701149049287456361e+00
4.177110584634210255e+00
-9.012408023892437114e+00
3.217505796913183502e+00
1.675001717059531714e+00
2.980963659316800296e+00
7.305607196446940677e+00
3.998741621832355264e+00
-1.391942199808867908e+00
-4.253940469229573473e+00
5.845350119173568615e+00
7.205768196976598539e+00
-2.017341454559436364e+00
-3.277888626959003293e+00
8.836950293985101013e+00
9.023095244201165599e+00
4.544742263546582173e+00
5.149168107890583990e+00
-3.161210091135652878e+00
9.597686430222140075e+00
1.509390435145633980e+00
1.390645459595304168e+00
