1.000000000000000000e+01
-9.701857379131521242e+00
-8.226766801243675431e+00
1.557716257898695389e+00
1.410097363802435000e+00
-7.251012232549211234e+00
2.527247812702450247e+00
-6.118649690521082540e+00
1.799590695249865480e+00
8.773064693319012619e+00
-7.920153016929302403e+00
1.000000000000000000e+01
8.830279106866793626e+00
1.000000000000000000e+01
-3.495358578040664632e+00
-1.230145059782796757e-01
-3.047167593862488033e+00
8.824823157243542937e+00
4.936373269038587530e+00
-6.774308266559772029e-01
-5.019445544900373868e+00
1.110612707675490807e+00
-7.738031657514668815e+00
-3.029130661066719465e+00
4.085390046848882406e+00
3.132494791185399308e+00
2.300907347474622888e+00
-2.024074967572636385e+00
1.962056110329800096e-01
-1.798588461562285579e+00
-7.970939378949863929e+00
7.145715663195463918e+00
-7.677951745045263010e+00
2.986291422984292065e+00
7.036853071514460822e+00
1.000000000000000000e+01
4.750001467718727888e+00
-7.481855305752162622e+00
6.753174109008986292e+00
-7.413875414921596629e+00
-4.892868952383311321e-02
-3.766027242447392842e-01
5.349402304281374754e+00
4.343452049033918350e+00
-7.010431011549837166e+00
8.899106744096753729e+00
1.000000000000000000e+01
1.034454818877451832e+00
7.596669361417748512e+00
3.474199320820214876e+00
-4.723934915331177820e+00
6.045267368770153915e+00
-3.927259637347634946e+00
-4.257753644857265485e+00
-5.370242333604023699e+00
6.281889071277094061e+00
7.156990132129904758e+00
2.867966223349800892e+00
8.632869070044923987e+00
-1.803051589723830617e+00
-3.147745530297505479e+00
5.457552928957228211e+00
2.382850824212232155e+00
-6.459440070878942564e+00
4.766238984872055440e+00
8.072519411352928387e+00
7.139926225339686461e+00
-3.202006114062150299e-01
-4.296614633108998937e+00
-4.176228627190525788e-01
-4.117040761976604735e+00
1.511418520096960538e+00
-2.311756588069974416e+00
8.025435988057566306e+00
-6.376151565164167145e+00
-7.481244180563188628e+00
1.000000000000000000e+01
2.230687066969936350e+00
-7.687642249809132799e+00
-6.895219974046106870e+00
5.876537011567847024e+00
-3.605020158958597509e+00
1.459098995183802261e+00
4.530571269363006692e+00
-6.298241275825503749e+00
7.295955537067115415e+00
-3.139623436628999009e+00
-6.146976797698367356e+00
5.969503033752540766e+00
-7.654956045841712964e+00
5.480136625115948235e+00
7.788213383974799342e+00
5.041127370851956613e-01
7.587515351521940232e+00
-3.308346089318651817e+00
5.570945387259920167e+00
-5.102017911712162235e-01
5.823276298680358565e+00
3.538677269330034569e+00
6.277103956164472365e+00
-6.984382247576249370e+00
-3.733801635039433631e+00
7.124616701620466230e+00
2.565788533899714174e+00
-7.658690499765456572e+00
-7.108948441331552459e+00
-2.300828430249045375e+00
-6.181446286967156034e+00
-7.366672766722810017e+00
-8.810633887542588027e+00
-1.345702834988076413e+00
1.000000000000000000e+01
-7.982760667290237144e+00
-2.795386431909606895e+00
4.702421713355826149e+00
9.969975386740017598e+00
1.000000000000000000e+01
-5.486097711965896906e+00
6.320019593905873201e+00
-7.515908866420536683e+00
8.531151645623161528e+00
-3.466600846531697755e+00
6.936484576027293070e-01
2.476525848046602363e+00
6.240250673722766095e+00
3.162835998307285124e+00
6.944381826341752273e+00
-5.209917682417641416e+00
5.790402032239413188e+00
9.990479510509684857e+00
9.878715847923967175e+00
-8.350357139896011915e-01
6.000174537357399807e+00
3.825234757945696007e+00
1.652521942526265608e+00
-6.167026856771020249e+00
8.042959527963537525e+00
1.355033324191873279e-02
9.445819783816864046e+00
-3.558520059702511507e+00
8.349328036971224165e+00
-6.999179754512637075e+00
3.953006394493830733e+00
7.135127282579465380e-01
1.618024097243304649e+00
1.000000000000000000e+01
1.118805533599841695e+00
-8.256700592601562860e+00
1.578343650435667822e+00
-9.366843812439222816e+00
7.203022407316526987e+00
8.576276349924004450e+00
1.000000000000000000e+01
3.582837034679331456e-01
4.929885798912369665e+00
3.351827942846322683e-01
9.723206859769842225e+00
-8.453563147839487257e+00
4.758285100495205810e+00
9.689926423247216647e+00
8.971619009561841551e+00
-6.254107957854060373e-02
7.868267932456478597e+00
-6.622343745151019867e+00
4.862496248027485812e+00
-4.779703181817913205e+00
-3.549767845215272111e+00
8.626166659887406496e+00
8.412968085222599646e-03
9.213196280901833290e+00
-1.000000000000000000e+01
6.077954378471126518e+00
8.176295263603952534e+00
-9.706839386850296236e+00
3.214156177405549375e+00
6.085429242886153389e+00
-3.420172505216207526e+00
-6.460959864442699097e-01
9.071209842730892703e+00
6.529518071175601790e+00
7.381674850207807559e+00
-6.644296832433702615e-01
9.249877179883078782e+00
-6.677262811708069457e+00
-1.506020379757578631e+00
1.000000000000000000e+01
-1.263114692839201858e+00
1.000000000000000000e+01
1.887055080795527751e+00
-4.650177385218083437e+00
9.045889982926103912e+00
5.965981199200535379e+00
2.079357723096174393e+00
8.700673738339668617e+00
4.230367638983492107e+00
8.162748418057244493e+00
-9.075154806551191555e+00
3.488854560216378964e+00
6.521280387578547888e+00
9.668349509882274262e+00
-2.283103172290785743e+00
-1.481190564196078752e+00
-7.498224782935960064e+00
-5.564286244418555683e+00
5.329899282380809566e+00
8.349579394423171763e+00
-6.841845285606011018e+00
-2.303445224509720335e-02
5.486236536275294284e+00
-4.802524113752616230e+00
-8.858454211816241042e+00
-6.371888765332128557e+00
4.889614216418827652e+00
-6.185302036423512284e+00
5.989171041502316051e+00
-4.595168081292910323e+00
-8.171325111215436365e+00
6.561968203606420857e+00
9.084232065370791531e+00
5.227208782163385692e+00
-4.962746636572845205e+00
7.525625719398028934e+00
-5.107503626818326481e+00
1.000000000000000000e+01
-2.688545981934669094e+00
-7.442514255170264548e+00
4.779273842006404038e+00
-3.472090834657817648e+00
3.822844486263603958e+00
-1.403214604305069946e+00
5.402778022031108129e+00
7.610158980897963943e+00
-9.048786134800376857e+00
6.843228555030282934e+00
3.250472660222856636e+00
-2.587882114482300544e+00
-6.474691529130256473e-01
4.335231603022403846e+00
4.795316911189098974e+00
1.000000000000000000e+01
3.096895120696229409e+00
-3.277788061649528739e+00
1.612501468521704950e+00
4.007869792539192844e+00
1.506904816011257253e+00
8.641668127853590065e+00
-6.011451765534124192e+00
1.546715518995524175e+00
9.144101339841892440e+00
2.079218062962476132e+00
-5.637935291725468367e+00
2.605693244000962139e+00
5.212247778688778865e+00
2.517008089221378864e+00
-4.289056244763910009e+00
1.199261523325331646e+00
7.031460887446406183e+00
-1.802944136033579836e+00
5.082578847459755522e+00
8.446911605163236914e+00
-5.025868972501105425e+00
2.043529359138878121e+00
-5.488235309096365810e+00
-2.684981444468359069e+00
-4.936335912861671282e+00
