-3.317549254557032867e-01
3.940054938841754950e-01
-4.771013710440970002e-01
-7.946989854841641776e-01
6.489915774479744215e-01
3.629942604691573926e-01
9.440003077489524941e-01
-2.519977032343196921e-01
5.032142055681054771e-01
-8.619816901468342341e-01
-4.244349267897036260e-01
2.661751492984891776e-01
5.439939961641317989e-01
4.159639715686955785e-01
6.697416404509357601e-01
1.270603720488807653e-01
-2.170407907806206627e-01
4.994922747721308731e-01
-2.920376878696024914e-01
9.472126793424082702e-01
-5.746037595816684274e-01
-9.104166321095887859e-01
-8.437421791062993393e-03
7.507427949457274874e-01
6.535143127842903965e-01
-4.085269248762979366e-01
-1.362642285488149252e-01
4.922756892544237761e-01
3.149985036700244656e-01
2.248883925722608979e-01
9.568563692630003281e-01
-1.693323832143831531e-01
-1.958149985094970180e-01
4.527230091265261880e-01
-5.553600009111514524e-02
1.331753068955685571e-01
-3.808005516761407971e-01
4.444372442923072430e-01
8.347902538778395609e-01
1.696327986004588784e-01
8.875768638786467601e-01
1.324478451386961186e-01
-6.744060460105707477e-01
-4.693069489853178844e-01
-3.055039060087061387e-01
9.919596520726794431e-01
-3.611537456061608697e-01
8.441339868944730540e-02
4.111131152218987506e-01
-3.161982496329294179e-01
-4.796573265856978185e-01
-8.892919278609598965e-01
4.757124399550676230e-01
-1.060486595282845723e-01
3.522807487721637543e-01
4.756354951318058077e-01
4.077051101836079994e-01
9.189752203653858142e-01
-9.207582778453999861e-01
-2.679495615505700368e-01
-1.209835964438679135e-01
-2.082368131891774166e-01
-9.428444306335830305e-01
2.486029692915956435e-01
1.230122077236730505e-01
3.297183426295176023e-01
7.446276899814230354e-02
-6.792625617292660234e-01
-5.659061935013411926e-01
2.607264608510662107e-01
3.448335667910040758e-01
8.245231118483125066e-01
-5.145625117598973119e-02
2.353252103017999808e-02
1.138481350193998320e-01
7.180943448811150098e-01
1.244740481223078898e-01
9.963412014433778996e-01
7.445083541255967940e-01
-2.270373794058591077e-01
4.841974295865723033e-01
-9.331999209000054751e-01
3.273417312287572045e-01
-4.911673956931261742e-01
-4.807027967289128068e-01
8.104775140478195361e-01
3.534783125162217488e-01
-9.485753666132912265e-01
-1.358404433506203990e-01
-7.791711532787186645e-01
-3.114094259614919036e-01
4.012062170927976901e-01
-6.891070961956018426e-01
-5.106070274897132055e-01
-3.731705831861109601e-03
3.101507075405602887e-01
8.426052044117209316e-01
9.097507576113426087e-01
-3.781755315021073649e-02
-1.051804623716745546e-01
5.822856383530967683e-01
3.192835750637652570e-01
-9.137793574621728698e-01
7.060369782478126410e-01
-8.933213640517301268e-01
-8.970397159772289797e-01
8.700419168545405757e-01
-7.978226718040812848e-01
-4.008008163152527725e-01
1.373016500406252227e-01
4.588644670637509471e-01
3.443872082266541401e-01
-9.600228156170365068e-02
-7.679351904014668495e-01
8.312355077400133130e-01
-4.383571160870298744e-01
-2.359726878073191703e-01
-2.513336229500702235e-01
-4.523825100289986523e-01
3.892942599554212180e-01
-8.743772758664489775e-01
6.419974594165833714e-02
2.376338768450820815e-01
3.874380388376166273e-01
8.938991983213544490e-01
2.888546136365621742e-02
-3.519275565087518487e-01
8.088732079301197420e-01
1.792285117077185852e-01
3.968362734304751172e-01
9.265066472915701734e-01
-6.693781622133618825e-01
-9.372279479221039544e-01
7.653556534779903942e-01
3.666997290556011091e-01
-5.394141055687089459e-01
-4.730042195195345300e-01
-7.967579583736879023e-01
3.236788175536848833e-01
5.717957810734886070e-01
6.386489257871827974e-01
2.913507979861302832e-01
-8.152019270273922480e-01
2.638086477543197805e-01
7.014543732773783624e-01
7.690681003136630167e-01
-6.313093159456093506e-01
5.968517972344877798e-01
-1.066777150619360182e-01
-4.664744232990838402e-01
4.808915312508457163e-01
-7.079498939138995084e-01
6.548804409970849782e-01
1.796659523282175819e-01
-8.645222577179421108e-01
9.710174632583945531e-01
1.931266161791092006e-01
-2.690098364798942931e-01
4.901642672688204527e-01
-1.108948573747978728e-01
-8.904160751680929575e-01
7.193017614891106248e-01
2.087295171547625117e-01
2.393150744764791504e-01
6.380313981820708857e-01
7.095942731223841005e-01
-9.009196167306676717e-01
6.497883710452245776e-01
2.349561189676769857e-01
-3.826485666464527480e-01
-1.112888233829076867e-01
3.883396490787844879e-01
-9.702284614558831510e-01
-2.916100111738679779e-01
9.270783582774286824e-01
-9.795766849950633404e-01
5.880001783637920365e-01
6.623258644464684597e-01
8.236713214487314527e-01
-9.608936274534907174e-01
8.941233041073415322e-02
-7.083014620941852080e-01
-7.707176703571207987e-01
3.307248495099213148e-01
5.605968879970528729e-01
-5.997792017436975875e-01
7.198713037892792155e-01
-2.745817154383394243e-01
8.520520851828714548e-01
1.724434035628650275e-01
-4.533646283575489822e-01
5.817531326340230624e-01
-4.567529421745708529e-01
-9.254413220461659151e-01
5.974209530685719027e-01
2.939434314268114523e-01
8.365507045132891673e-01
7.473191129627743123e-02
5.042428364890794157e-02
6.512149447022970161e-01
-4.120635866970496775e-01
3.988213291468760691e-01
2.035822055419689303e-01
5.265140125231271284e-02
-6.817625220151724008e-02
5.016135541863664393e-01
-1.988880758695152906e-01
-1.639824719488522931e-01
6.406197716825055011e-01
-2.208351275729742991e-01
-6.544908350362665939e-01
-9.657855264395354133e-01
9.155149373977136129e-01
-5.878015718961144831e-01
2.368123201949523526e-01
9.921651037896817016e-02
7.810345270908221060e-01
3.317635237623792754e-01
3.889030714504839725e-01
3.971388751263211780e-01
-7.233479711725923078e-01
-6.370167485353590564e-01
-3.164902828712945482e-01
-4.340617276329952201e-01
-9.482545884036750472e-01
-7.681861412522759114e-01
-4.172492448350195726e-01
-6.282191592393411295e-01
-2.948410788393038828e-01
-3.713251695759378634e-02
-5.446035981622436850e-01
8.570358617809097357e-01
-9.278980663169498211e-01
4.700517017169152378e-01
5.885867117260379366e-01
-2.102290183730501916e-01
6.529855795034746890e-01
8.927451337082632499e-01
5.673173983296417866e-01
3.548777176268522737e-01
9.852049032084366775e-01
-9.370267520287054452e-01
-1.117620962544045859e-01
9.439545410349237109e-02
5.807418937089645627e-01
8.456483620673789225e-01
-6.166782192719497679e-01
-3.569733158581376298e-01
2.022704024074586382e-01
9.712677239162761378e-01
-9.136787489685309627e-01
1.703874982164390595e-01
-8.830617523898725008e-01
9.063506581133460305e-01
3.160237403194152694e-01
2.855218607139717868e-01
9.558365595959479322e-01
9.471387211274604478e-01
1.959718541116488577e-01
-8.509150553629039049e-01
9.174978712042554108e-01
9.045070960200516375e-01
8.953186075514945053e-01
2.132146029115085106e-01
1.646771446149843943e-01
