
 gen | best | mean | std
 GENERATION 0 | 93.727 | 9.38831 | 29.562154
 GENERATION 1 | 93.727 | 31.81148 | 38.685466
 GENERATION 2 | 93.727 | 71.236997 | 26.959119
 GENERATION 3 | 93.727 | 80.463575 | 18.585003
 GENERATION 4 | 93.727 | 86.506942 | 8.461301
 GENERATION 5 | 93.727 | 87.008565 | 6.253768
 GENERATION 6 | 93.727 | 87.6521 | 4.663543
 purge
 GENERATION 7 | 93.727 | 70.447115 | 35.443978
 GENERATION 8 | 93.727 | 85.994162 | 10.946757
 GENERATION 9 | 93.727 | 86.726731 | 11.316225
 GENERATION 10 | 93.727 | 87.975885 | 5.227933
 GENERATION 11 | 93.727 | 88.559571 | 2.795716
 GENERATION 12 | 93.727 | 88.648707 | 2.948848
 GENERATION 13 | 93.727 | 88.735476 | 4.942298
 purge
 GENERATION 14 | 93.727 | 71.948705 | 36.633701
 GENERATION 15 | 93.727 | 90.954009 | 1.907852
 GENERATION 16 | 93.727 | 90.436499 | 6.275194
 GENERATION 17 | 93.727 | 90.57683 | 7.995908
 GENERATION 18 | 93.727 | 91.687565 | 1.158379
 GENERATION 19 | 93.727 | 91.647355 | 1.338092
 GENERATION 20 | 93.727 | 90.547921 | 9.20735
 purge
 GENERATION 21 | 93.727 | 74.261542 | 36.335158
 GENERATION 22 | 93.727 | 91.184121 | 2.979564
 GENERATION 23 | 93.727 | 91.513995 | 1.575357
 GENERATION 24 | 93.727 | 91.337145 | 1.928854
 GENERATION 25 | 93.727 | 91.289704 | 1.870523
 GENERATION 26 | 93.727 | 91.290652 | 1.913501
 GENERATION 27 | 93.727 | 91.326159 | 1.768589
 purge
 GENERATION 28 | 93.727 | 77.631304 | 33.414519
 GENERATION 29 | 93.727 | 91.429573 | 4.504442
 GENERATION 30 | 93.727 | 91.568637 | 2.555156
 GENERATION 31 | 93.727 | 91.331563 | 4.328397
 GENERATION 32 | 93.727 | 91.922842 | 3.5773
 GENERATION 33 | 93.727 | 92.227638 | 0.871582
 GENERATION 34 | 93.727 | 92.30295 | 0.940868
 purge
 GENERATION 35 | 93.727 | 71.131865 | 39.928123
 GENERATION 36 | 93.727 | 91.379422 | 9.779309
 GENERATION 37 | 93.727 | 92.369423 | 1.09291
 GENERATION 38 | 93.727 | 92.091844 | 3.596812
 GENERATION 39 | 93.727 | 92.48716 | 0.711902
 GENERATION 40 | 93.727 | 92.599211 | 0.203212
 GENERATION 41 | 93.727 | 92.60941 | 0.191364
 purge
 GENERATION 42 | 93.727 | 73.554648 | 38.075456
 GENERATION 43 | 93.727 | 91.655976 | 8.899993
 GENERATION 44 | 93.727 | 92.576143 | 0.282256
 GENERATION 45 | 93.727 | 92.597325 | 0.318829
 GENERATION 46 | 93.727 | 92.580243 | 0.308353
 GENERATION 47 | 93.727 | 92.58404 | 0.359637
 GENERATION 48 | 93.727 | 92.566294 | 0.160882
 purge
 GENERATION 49 | 93.727 | 76.942026 | 33.941184