1.000000000000000000e+00
1.000000000000000000e+00
1.000000000000000000e+00
-7.266424725392750528e-01
1.424516731833251892e-01
8.456462016693111483e-01
-5.082002216541068318e-01
7.076572951958663982e-01
1.000000000000000000e+00
1.000000000000000000e+00
-7.266424725392750528e-01
1.000000000000000000e+00
-7.266424725392750528e-01
1.000000000000000000e+00
1.000000000000000000e+00
-5.350384816206754657e-02
-7.266424725392750528e-01
1.000000000000000000e+00
1.000000000000000000e+00
-7.266424725392750528e-01
-7.266424725392750528e-01
-7.266424725392750528e-01
1.000000000000000000e+00
-7.266424725392750528e-01
-7.266424725392750528e-01
1.000000000000000000e+00
1.000000000000000000e+00
-7.266424725392750528e-01
1.000000000000000000e+00
1.000000000000000000e+00
1.000000000000000000e+00
1.000000000000000000e+00
-7.266424725392750528e-01
-7.266424725392750528e-01
1.000000000000000000e+00
1.000000000000000000e+00
1.000000000000000000e+00
1.000000000000000000e+00
-7.266424725392750528e-01
-7.266424725392750528e-01
7.572578386767725434e-03
-7.266424725392750528e-01
-7.266424725392750528e-01
1.000000000000000000e+00
-7.266424725392750528e-01
1.000000000000000000e+00
-7.266424725392750528e-01
1.000000000000000000e+00
1.000000000000000000e+00
-7.266424725392750528e-01
1.000000000000000000e+00
-7.266424725392750528e-01
1.000000000000000000e+00
1.000000000000000000e+00
1.000000000000000000e+00
1.000000000000000000e+00
-7.266424725392750528e-01
1.000000000000000000e+00
1.000000000000000000e+00
1.000000000000000000e+00
1.000000000000000000e+00
1.000000000000000000e+00
-7.266424725392750528e-01
-7.266424725392750528e-01
-7.266424725392750528e-01
1.000000000000000000e+00
1.000000000000000000e+00
1.000000000000000000e+00
-7.266424725392750528e-01
1.000000000000000000e+00
1.000000000000000000e+00
1.000000000000000000e+00
-7.266424725392750528e-01
1.000000000000000000e+00
1.000000000000000000e+00
1.000000000000000000e+00
-7.266424725392750528e-01
1.000000000000000000e+00
-7.266424725392750528e-01
-7.266424725392750528e-01
-7.266424725392750528e-01
-7.266424725392750528e-01
-7.266424725392750528e-01
1.000000000000000000e+00
-7.266424725392750528e-01
-7.266424725392750528e-01
-7.266424725392750528e-01
1.000000000000000000e+00
1.000000000000000000e+00
1.000000000000000000e+00
1.000000000000000000e+00
1.000000000000000000e+00
1.000000000000000000e+00
1.000000000000000000e+00
1.000000000000000000e+00
1.000000000000000000e+00
-7.266424725392750528e-01
-7.266424725392750528e-01
-2.125889436406998012e-01
-7.266424725392750528e-01
1.000000000000000000e+00
1.000000000000000000e+00
1.000000000000000000e+00
-7.266424725392750528e-01
-7.266424725392750528e-01
-7.266424725392750528e-01
-7.266424725392750528e-01
1.000000000000000000e+00
-7.266424725392750528e-01
-7.266424725392750528e-01
1.000000000000000000e+00
-7.266424725392750528e-01
-7.266424725392750528e-01
-7.266424725392750528e-01
1.000000000000000000e+00
1.000000000000000000e+00
-7.266424725392750528e-01
-7.266424725392750528e-01
1.000000000000000000e+00
1.000000000000000000e+00
1.000000000000000000e+00
1.000000000000000000e+00
1.642970083139767556e-01
1.000000000000000000e+00
-7.266424725392750528e-01
1.000000000000000000e+00
-7.266424725392750528e-01
-7.266424725392750528e-01
1.000000000000000000e+00
1.000000000000000000e+00
-7.266424725392750528e-01
1.000000000000000000e+00
-7.266424725392750528e-01
1.000000000000000000e+00
1.000000000000000000e+00
-7.266424725392750528e-01
-7.266424725392750528e-01
1.000000000000000000e+00
-2.667717203698989348e-01
-7.266424725392750528e-01
1.000000000000000000e+00
-7.266424725392750528e-01
-7.266424725392750528e-01
1.000000000000000000e+00
1.000000000000000000e+00
-7.266424725392750528e-01
1.000000000000000000e+00
1.000000000000000000e+00
1.000000000000000000e+00
-7.266424725392750528e-01
-7.266424725392750528e-01
-7.266424725392750528e-01
-7.266424725392750528e-01
-7.266424725392750528e-01
-7.266424725392750528e-01
-7.266424725392750528e-01
1.000000000000000000e+00
1.000000000000000000e+00
1.000000000000000000e+00
1.000000000000000000e+00
1.000000000000000000e+00
-7.266424725392750528e-01
1.000000000000000000e+00
-7.266424725392750528e-01
1.000000000000000000e+00
1.000000000000000000e+00
-7.266424725392750528e-01
1.000000000000000000e+00
1.000000000000000000e+00
-7.266424725392750528e-01
-1.869015854105418040e-01
-7.266424725392750528e-01
1.000000000000000000e+00
-7.266424725392750528e-01
-7.266424725392750528e-01
-7.266424725392750528e-01
-7.266424725392750528e-01
1.000000000000000000e+00
1.000000000000000000e+00
-7.266424725392750528e-01
-7.266424725392750528e-01
1.000000000000000000e+00
1.000000000000000000e+00
-7.266424725392750528e-01
-7.266424725392750528e-01
-7.266424725392750528e-01
1.000000000000000000e+00
-7.266424725392750528e-01
1.000000000000000000e+00
1.000000000000000000e+00
1.000000000000000000e+00
-7.266424725392750528e-01
1.000000000000000000e+00
-7.266424725392750528e-01
-7.266424725392750528e-01
1.000000000000000000e+00
1.000000000000000000e+00
1.000000000000000000e+00
-7.266424725392750528e-01
-7.266424725392750528e-01
1.000000000000000000e+00
1.000000000000000000e+00
1.000000000000000000e+00
-7.266424725392750528e-01
-7.266424725392750528e-01
-7.266424725392750528e-01
1.000000000000000000e+00
-7.266424725392750528e-01
1.000000000000000000e+00
1.000000000000000000e+00
1.000000000000000000e+00
-7.266424725392750528e-01
-7.266424725392750528e-01
1.000000000000000000e+00
1.000000000000000000e+00
-7.266424725392750528e-01
-7.266424725392750528e-01
1.000000000000000000e+00
-7.266424725392750528e-01
-7.266424725392750528e-01
-7.266424725392750528e-01
-7.266424725392750528e-01
1.000000000000000000e+00
-7.266424725392750528e-01
-7.266424725392750528e-01
1.000000000000000000e+00
1.000000000000000000e+00
1.000000000000000000e+00
1.000000000000000000e+00
-7.266424725392750528e-01
5.548442350489006802e-01
-7.266424725392750528e-01
1.000000000000000000e+00
1.000000000000000000e+00
1.000000000000000000e+00
-7.266424725392750528e-01
-7.266424725392750528e-01
1.000000000000000000e+00
1.000000000000000000e+00
1.000000000000000000e+00
1.000000000000000000e+00
2.345989817599198890e-01
1.000000000000000000e+00
1.000000000000000000e+00
-7.266424725392750528e-01
1.000000000000000000e+00
-7.266424725392750528e-01
1.000000000000000000e+00
1.000000000000000000e+00
-7.266424725392750528e-01
-7.266424725392750528e-01
1.000000000000000000e+00
1.000000000000000000e+00
1.000000000000000000e+00
-7.266424725392750528e-01
-7.266424725392750528e-01
-7.266424725392750528e-01
1.000000000000000000e+00
1.000000000000000000e+00
1.000000000000000000e+00
-7.266424725392750528e-01
1.183943763841122099e-02
1.000000000000000000e+00
1.000000000000000000e+00
1.000000000000000000e+00
