
 gen | best | mean | std
 GENERATION 0 | 57.16227 | -1.170225 | 10.957243
 GENERATION 1 | 57.16227 | 6.320851 | 14.840246
 GENERATION 2 | 57.225448 | 18.219299 | 17.991175
 GENERATION 3 | 57.330119 | 30.375695 | 18.944398
 GENERATION 4 | 57.330119 | 39.53306 | 18.885541
 GENERATION 5 | 75.752976 | 46.397993 | 18.15915
 GENERATION 6 | 75.752976 | 52.874198 | 14.289888
 GENERATION 7 | 75.752976 | 56.803868 | 8.631713
 GENERATION 8 | 75.752976 | 55.332891 | 10.835684
 GENERATION 9 | 75.752976 | 56.862743 | 5.819052
 GENERATION 10 | 75.752976 | 56.282291 | 8.60625
 GENERATION 11 | 75.752976 | 56.703709 | 6.47781
 purge
 GENERATION 12 | 75.752976 | 46.059146 | 23.560387
 GENERATION 13 | 75.752976 | 56.633478 | 9.652911
 GENERATION 14 | 75.752976 | 55.107965 | 12.759241
 GENERATION 15 | 75.752976 | 56.535196 | 8.682521
 GENERATION 16 | 75.752976 | 57.527013 | 4.14932
 GENERATION 17 | 75.752976 | 57.522407 | 4.149665
 GENERATION 18 | 75.752976 | 57.423295 | 1.843094
 purge
 GENERATION 19 | 75.752976 | 45.83041 | 24.640546
 GENERATION 20 | 75.752976 | 55.754937 | 10.564472
 GENERATION 21 | 75.752976 | 57.264588 | 6.114368
 GENERATION 22 | 75.752976 | 55.843303 | 11.001561
 GENERATION 23 | 75.752976 | 57.812555 | 2.850183
 GENERATION 24 | 75.752976 | 57.711002 | 4.860537
 GENERATION 25 | 75.752976 | 57.999656 | 3.345432
 purge
 GENERATION 26 | 75.752976 | 47.462478 | 22.911273
 GENERATION 27 | 75.752976 | 55.058428 | 11.807322
 GENERATION 28 | 75.752976 | 57.099312 | 5.541047
 GENERATION 29 | 75.752976 | 57.267225 | 6.94926
 GENERATION 30 | 75.752976 | 57.526132 | 4.708508
 GENERATION 31 | 75.752976 | 58.160858 | 3.552404
 GENERATION 32 | 75.752976 | 58.066488 | 3.462466
 purge
 GENERATION 33 | 75.752976 | 48.479632 | 21.97028
 GENERATION 34 | 75.752976 | 55.91988 | 11.356377
 GENERATION 35 | 75.752976 | 54.560814 | 13.910431
 GENERATION 36 | 75.752976 | 57.425604 | 6.358489
 GENERATION 37 | 75.752976 | 57.421885 | 4.626038
 GENERATION 38 | 75.752976 | 57.700292 | 2.727678
 GENERATION 39 | 75.752976 | 56.893053 | 6.571367
 purge
 GENERATION 40 | 75.752976 | 45.635264 | 23.317795
 GENERATION 41 | 75.752976 | 54.685075 | 12.462406
 GENERATION 42 | 75.752976 | 56.913903 | 7.208479
 GENERATION 43 | 75.752976 | 57.905439 | 3.277949
 GENERATION 44 | 75.752976 | 57.994561 | 3.598642
 GENERATION 45 | 75.752976 | 57.36759 | 5.475787
 GENERATION 46 | 75.752976 | 57.630707 | 2.588958
 purge
 GENERATION 47 | 75.752976 | 46.688889 | 22.726207
 GENERATION 48 | 75.752976 | 57.099167 | 4.580085
 GENERATION 49 | 75.752976 | 55.412399 | 11.756823
 gen | best | mean | std
 GENERATION 49 | 75.752976 | 55.412399 | 11.756823