-9.876519358432295448e+00
7.440237366047534273e+00
-2.748488578551538275e+00
-1.556570898717197782e-01
9.460382485437111910e+00
-2.130249799948895628e+00
7.601842138434546037e+00
-6.447544936580356989e+00
1.000000000000000000e+01
-7.529551929900820006e+00
-7.998737874370336343e+00
6.557479552937949485e+00
4.512697026650954513e+00
-1.073616018977202380e+00
1.304116907985352958e+00
-4.918501895617069408e+00
5.758108327703911122e+00
5.624798660122226401e+00
-2.536981569168010431e+00
-4.411337771225653626e+00
8.275573255071361212e-02
4.191327573978784748e+00
-5.444711247567882495e+00
5.996670749064471728e+00
8.873782870460951600e+00
9.322731393597269545e+00
-6.357311247862828196e+00
6.055468188968581522e+00
-6.918354888087680621e+00
6.800228556539189562e-02
9.280578233952475387e+00
-8.760371902051451443e+00
8.295885908365326245e+00
-2.049046737141702934e+00
-1.018601779426964171e+00
1.197273460208102325e+00
6.694304060553318614e+00
5.932114401791586111e+00
7.457319151058172224e+00
-7.245071439904762656e+00
-4.054266896145426458e-01
-7.729259255623787794e+00
6.661245401664682042e+00
6.950594613894984342e+00
-3.830978734428063248e+00
1.722699503935613219e+00
1.000000000000000000e+01
6.122750205569705173e+00
-1.433814174405837472e+00
-4.727580912485966902e-01
-1.365480979133357531e+00
-4.438588197108542133e+00
7.096145179851242268e+00
-4.404641250873131852e+00
2.265614927134879775e+00
-4.850848189980982106e+00
-5.275990719711391108e+00
4.658287698012676614e+00
-3.202653291243141798e+00
5.683438588202296415e+00
-7.366009144906422001e+00
-5.293282421926382320e+00
9.484605986146414480e+00
4.036311974996571905e+00
9.233037486590715659e+00
-6.358585744164548359e+00
7.602239830511579477e+00
2.953208052349127755e+00
-5.822793426543027451e+00
8.438632547980089882e+00
-7.628872507813904136e+00
5.888859339768731438e+00
-4.513216610120457162e+00
7.144766109914552743e+00
-1.393170377286749861e+00
8.651741641757704215e+00
2.956147568581435348e-01
3.347460025943072903e+00
-2.770104598140166630e+00
-4.375858291250132037e-01
-2.482847938901384666e+00
-7.103489638482304303e-01
1.000000000000000000e+01
7.007142979005817729e+00
-3.379833051007049782e+00
-1.093302191602770090e+00
4.081301069502502599e-01
5.005271617678211271e+00
-7.906992027118683986e+00
9.580137585961702840e+00
-6.375812824642500765e+00
-5.516134596766217868e+00
9.899597749061044283e+00
-7.456343925253170468e+00
-4.541048528947352558e+00
-3.540568442883096356e+00
-6.085650360404542880e+00
8.086638111842312071e+00
-3.996262707862525243e+00
6.467388039572285585e+00
-4.927678193439335885e+00
4.663996633626432242e+00
-7.779584676496472007e+00
2.266566560745976400e+00
-6.715923360447736634e+00
1.745352314447630837e+00
7.613216465425616697e+00
1.342815843960239119e+00
7.379105677119119910e+00
4.179770604528123989e+00
-2.110586881507636736e+00
-6.331771239184970312e+00
8.521487181025619861e+00
2.708153934965009668e+00
-7.122196472231758335e+00
5.944712636340646839e+00
-3.147172778994907771e-01
3.191831360351540692e+00
-4.186123983958080608e+00
-4.564582162846377855e+00
7.584571981939495444e+00
-5.020909128540622213e+00
-1.984783330082662056e+00
-9.830571831531589311e+00
-8.315701295902234946e+00
1.000000000000000000e+01
-6.406808794189204903e-01
7.239431284729958449e+00
-7.021700663599968806e+00
-9.337866830275538987e+00
9.150124528863646134e+00
-7.525283099964493516e+00
-3.032819224649384360e+00
2.389187643576626385e+00
-8.672690002075677640e+00
-1.346392172758322792e+00
5.302820226849198626e+00
7.974910868223443750e-01
7.867699387682595358e+00
5.354194256031332699e+00
-2.807149271606662833e+00
-7.097370221775793908e+00
8.985355124567337981e+00
6.982912908052623102e+00
-3.578910813501607002e+00
6.529785838618362703e-01
7.043579788980248502e+00
-5.525721819644308752e+00
7.671095404917673832e-01
-1.941859211627884552e+00
-1.460426946857890984e+00
-5.931790812080556918e+00
-9.430201143925730278e+00
3.268845977607819364e+00
8.012113995937685473e+00
-5.720795656129267215e-01
-7.540005184459477316e-01
4.181982134104407223e+00
-2.864873551547847175e+00
-9.286569600422673432e+00
3.005672228110333855e+00
8.082952998684859836e+00
-4.141290081085053032e+00
4.524006454019208867e+00
3.272368518643998136e+00
-9.414984172208079372e+00
-6.448230079118014935e+00
4.351606379785041945e+00
9.262547078993096150e+00
-4.024415785483013153e+00
-1.906485413548515195e+00
6.739462010239815726e+00
-3.412572804741250687e-01
2.718960273130648808e+00
-7.049281930299055254e+00
8.600913852208014632e+00
2.574388256850886236e+00
1.325249061345815882e+00
-6.876333715804277880e+00
3.300303078275875990e+00
8.046187627494386874e+00
-2.432282737821811480e+00
-6.699644074690393580e+00
-8.838297238330264705e+00
4.366187118094872588e+00
-1.863210749530242349e+00
-4.985970463437961797e+00
5.449679439939609793e+00
1.000000000000000000e+01
4.839186857455417545e+00
8.370002774351569030e+00
-2.168319485238757949e+00
8.783770751360885143e+00
5.099018329798840066e-01
1.704915500368162640e+00
-7.999809330273725649e+00
-4.885558042377867949e+00
-4.012940664126615431e+00
-3.614633882868873105e+00
-6.300592579111884639e+00
2.694395780990230804e+00
2.974974078134800859e+00
6.004044142044672405e+00
-2.512793363818657699e+00
1.326255093947519281e-01
-9.112774720273861817e+00
-8.262631440869514066e+00
1.733352695459297044e-01
1.273741089939721238e+00
7.649548962751090642e+00
-4.818435229492997962e+00
-2.542153499079791601e+00
2.654688707611899012e+00
3.817247435066675187e+00
6.464917798546615302e+00
-8.995444196391078506e+00
1.000000000000000000e+01
-9.771207639616291019e+00
-1.970638485096491088e+00
7.024154182227775323e+00
-2.820157251951709299e+00
6.298052707127757444e+00
-2.551241216727881955e+00
-7.719432740586537278e+00
-6.636756742401574094e+00
6.260433760147053661e+00
-5.702385384210988839e+00
-5.539911703105483198e+00
6.595148860860502005e+00
4.997217650867041172e+00
-2.593938154338032653e+00
4.059012859757346270e+00
9.632946780546314258e+00
1.778420671092973415e-01
2.883383586024488299e+00
-6.219380882489366158e+00
7.990900177216119005e+00
9.185452189491657649e+00
8.882904321452050667e+00
8.916892566803758413e+00
-6.752638736638172823e+00
-9.639886577046314908e-01
-2.298210915399127696e+00
-9.476179291612506717e+00
2.453459438229488754e+00
1.364540243277024834e-01
3.704759091641717239e-01
3.212752051871869408e-01
-5.559403094683769808e+00
-6.084741488628393924e+00
4.054291981291378022e+00
-5.568029019812605007e+00
4.984160834159133913e+00
5.781483765558098398e+00
-1.785628261076546375e+00
-1.000000000000000000e+01
-3.326962998685087491e+00
2.791533609374585723e+00
1.000000000000000000e+01
-3.799875049153273565e+00
-7.792528938745967082e+00
8.326828698075059876e+00
-4.383543289945762922e+00
5.461715652565478862e+00
-1.906420055574725492e+00
