-2.183362568158471184e+00
-3.614673060351539569e+00
2.978974947129367390e+00
-4.295773174487662160e+00
1.346045483109273633e+00
2.783621647477508176e+00
9.907682701771010514e+00
-6.626212587381842489e+00
-5.539193806256197838e+00
-4.308088870284153771e+00
-9.223958575632199341e+00
-6.661620006751654000e-01
-4.648710409217433615e+00
6.539113878930043811e+00
-9.102946600547015876e+00
3.643303000398684599e+00
4.794791866975878669e+00
2.695338701327095965e+00
2.021999571336120738e+00
-7.206181898846655720e+00
4.154513792099290725e+00
-5.308612340025953280e+00
-3.193917898184032378e+00
-5.156328134125141016e-01
5.314021659917323781e+00
8.522303026655277947e+00
-6.662838710903743689e+00
-4.487907679540498407e+00
4.300044668839184681e-01
-8.378263030314599291e+00
-6.740231854115419807e+00
5.392496562541915672e+00
1.000000000000000000e+01
2.699269903128603154e+00
-2.912229231518269401e+00
9.450424910162384506e+00
3.770305417710737128e+00
7.968408442342115094e+00
-4.534643891579862585e-01
-6.576717753392702370e+00
8.585597879438088498e+00
9.512046574907717655e-02
8.774148025128875261e+00
8.919698607331069340e+00
4.486047303294988353e+00
-1.548083984827633763e+00
-2.845060990910696752e+00
-3.560573482505281273e+00
1.000000000000000000e+01
2.072703650677468534e+00
1.027591741319070273e+00
3.668677876776647029e-01
2.820224628768867703e+00
9.464454417375776085e-01
3.533310175472426096e-02
2.934243144166999606e+00
-4.253565297232963616e+00
5.138414726206904426e+00
-1.203683530756544662e-01
3.503964743652972391e+00
1.000000000000000000e+01
-3.018456869124752195e+00
1.483404685239979370e+00
7.066481680156856626e+00
-3.731811550604871464e+00
-4.455650797510775085e+00
6.567312609981453164e+00
-3.681375292286086509e+00
6.290859486686211532e+00
3.231477360735036441e+00
1.000000000000000000e+01
6.644272896633620640e+00
-7.604307251912051591e+00
4.247892187820179188e+00
-3.342403451335212328e+00
8.523561843996931842e+00
1.000315689160833132e+00
-5.285834526430383207e+00
6.208604933045971386e+00
-1.135958953393455317e+00
8.493310898603684933e+00
7.613724240653588993e+00
7.905203745114159908e+00
5.179178273849878167e+00
-5.756281101663367927e+00
8.370802283636914254e+00
7.679973320379541946e+00
-4.713143372188485003e+00
-5.639093168886512020e-01
8.906913537197912234e+00
5.593130563881924644e+00
8.412467270451012169e+00
8.180114294459157165e+00
-8.167842235057724665e+00
2.365933710200424755e+00
5.056271756935839079e+00
-2.504534409587338306e+00
5.814734620457445935e+00
-4.059524699391942271e+00
4.606270303605064065e+00
-2.623866477089069171e+00
9.898059886106562288e+00
-6.160988915010294775e+00
1.000000000000000000e+01
1.000000000000000000e+01
3.818289793382245279e+00
4.955190749860976851e+00
-6.061712743550823568e+00
-5.696655374053571919e-02
8.226966625656537246e+00
-3.579308724326050850e+00
1.000000000000000000e+01
3.978617511737568613e+00
-8.455922604319370706e+00
-2.606651793302495523e+00
-8.556351174809671889e+00
-4.928218657531137303e+00
9.401984102807816601e-01
2.475218618108349311e+00
6.980419939199980384e+00
6.252230391527478837e+00
-8.789198690024969451e+00
-2.078174554751642145e+00
8.059836921458426673e+00
6.950263597372704716e+00
6.677060059491585875e+00
1.959924363120560287e+00
-2.695168321092038966e+00
-3.515627685343449382e+00
-1.692492222929053769e+00
1.802624487180305213e+00
-4.105932809329910782e+00
7.385333759574229440e+00
7.505042113241175983e+00
5.937395183912808960e+00
-4.525773714689760752e+00
5.103534449858201150e+00
-2.544218754564214091e+00
3.161259981768383298e+00
1.000000000000000000e+01
8.042062523083313152e+00
-8.624861590731089933e-01
9.691529923277132141e+00
-8.830349634284207383e+00
4.131215869417017572e+00
-6.292337645464055385e+00
3.771513253146503430e+00
8.371146518969828421e+00
-1.037325260451285036e+00
1.360852905919149647e+00
4.130674961116256760e+00
9.542934532089871524e+00
3.496192624916453440e+00
-4.909251766390836380e+00
-8.500310987085606840e+00
3.260588210850441815e+00
-1.000000000000000000e+01
4.445060316065605477e+00
5.861833017698062420e+00
-4.670217158697642645e+00
-8.025815382424491773e+00
-3.517329809434203369e+00
2.660166277086573938e+00
3.942140836877209509e+00
8.469989950496920272e+00
-6.376025129978933670e+00
1.639157853370915907e+00
-2.085091369385599691e+00
7.110882477516661915e+00
5.675106699331510463e+00
-2.222803125058258278e+00
-3.850445387799734664e-01
-5.510655229135286604e+00
-3.812634142378768409e+00
4.303575861205550801e+00
3.257537108024714190e+00
-7.641891144145867010e+00
6.348182687147313707e+00
5.432708668332772106e+00
-7.865785690688313625e-02
3.300968806027609226e+00
6.121741770971357965e+00
-3.917417394323703839e+00
6.306310844726170650e-01
4.727757862088113328e+00
7.325661347359100795e+00
1.200185579812258929e+00
-2.884369337942645828e+00
-6.487245681425466870e+00
9.888977648242949670e+00
-7.683861146163147637e+00
1.000000000000000000e+01
5.146735069859683875e+00
9.222312805300569849e+00
9.750539162554048289e+00
6.063078996046275648e+00
-2.447528692369583148e+00
8.196189751756765673e+00
7.443154448464881501e-01
1.986869698341958923e+00
-7.714678423286453146e+00
8.709413855449080089e+00
4.629337476947315899e+00
2.974066365968573322e+00
-6.678332288886089430e+00
8.140606193012658309e+00
-5.213187093882472922e+00
-7.322396514709316406e+00
1.000000000000000000e+01
5.663118373059054633e+00
-6.303913079847739631e+00
7.079298271544232968e+00
1.055779133984586782e-01
-4.715032792805569528e+00
1.000000000000000000e+01
-8.522994079437857806e+00
6.021837884935495211e+00
9.823626355566288382e+00
8.741228172959068843e+00
-3.231821374618624176e+00
-5.889968534224285790e+00
-1.395350486296127457e+00
2.593109600790602265e+00
1.000000000000000000e+01
3.409749390147445713e-01
1.000000000000000000e+01
6.968469162293174923e-01
-5.296463467760145427e+00
7.789054974719006097e+00
3.012797925703245117e+00
-6.363734652076191267e+00
8.033958222178934960e+00
4.648150313787000165e+00
9.882582906125648492e+00
7.445844334396395370e-01
-5.248789054899844153e+00
-4.450561659486024446e+00
3.824453644565377619e+00
9.371084952036805582e-01
-2.900346063149992215e+00
9.778279938269641036e+00
6.140188433676005531e+00
5.336180813536968159e+00
5.289549116683352814e+00
8.741632966364266011e+00
2.061671131255138345e-01
1.326786174497177173e+00
5.330895126934973582e+00
1.194866533855064805e+00
1.481811362387452369e-01
2.817575921061637789e+00
6.818408410636056516e-02
-6.293401471881567844e+00
-4.585286771455013621e+00
7.800315491380938937e+00
4.490457247778550709e+00
6.529775189532874613e+00
-5.186957088537526017e-01
1.321767020358036948e+00
1.221478883887463063e+00
-3.529681861405474574e+00
3.938000112345552584e+00
-7.252168588427038820e+00
-2.340503420041220473e+00
-3.425506278213526823e+00
