6.142020037398093102e+00
-7.307593813675082650e+00
-6.480047431071930930e+00
6.603234647993094786e-01
-4.671555461447528756e+00
-3.235438426909700294e+00
1.164736214720116125e+00
8.608885259085835573e-01
-1.000000000000000000e+01
3.676263100832295017e+00
1.000000000000000000e+01
2.662106401082433127e+00
-5.412068954908880514e+00
-6.897945366020602265e+00
-8.689464736362387143e+00
1.952749929992652067e+00
6.137115022022679334e+00
-5.630594031421856549e+00
-7.747807466227661699e+00
-6.244194642046799082e+00
6.271601899040718742e+00
5.691184782831500755e+00
-1.245955369125558043e+00
9.635653516513799088e-01
-1.689765862329543067e+00
1.000000000000000000e+01
8.858221494220636316e+00
-8.695585475224030247e+00
4.946238297248550353e+00
4.965531557724508716e+00
8.264536487154964917e+00
3.268441845954935587e+00
5.400996195400838751e+00
2.407978895637942429e+00
6.562626702133150580e+00
6.287865327083866696e+00
5.170904868097522034e+00
-8.419771030865330630e-05
7.717295333334508456e+00
1.563953376167910747e+00
6.252947738426424706e+00
7.206906208466228314e+00
3.893676176404281986e+00
-4.743924096949231561e+00
2.324048314719110997e-01
4.557409683903379083e+00
5.751585168430113804e+00
8.032531970584582126e+00
4.949451972091257090e+00
2.683063613253869883e-01
-3.367537939016149284e+00
-8.955117993943520815e+00
6.658525788668515411e+00
-7.460753215467931909e+00
-6.825338365986997502e+00
4.484847947034067417e+00
-1.543124744226334277e+00
9.952643213584742909e+00
-9.534055339421023678e-01
8.841642685451573058e+00
8.905060072535155413e+00
-4.697992435637492470e+00
1.000000000000000000e+01
4.418965790093531076e+00
-2.945768182468586183e+00
5.354192234900149394e+00
-3.164620028974121091e-01
-6.235747216444670116e+00
6.079760052593928599e+00
-6.507795801723042395e+00
-1.639619716616216305e-01
-5.693899129023518135e+00
-1.427741267904916844e+00
8.595578783609514772e+00
-2.900623183245961467e+00
-2.528312253152560807e+00
8.898320387930311881e+00
5.867212597718854283e+00
-1.776617582110279425e+00
5.032297471791420840e+00
-4.633475934215866232e+00
-1.000000000000000000e+01
6.857438278879596005e+00
-1.758241346484566758e+00
8.274752477464341283e+00
-7.058869656031612649e+00
-6.398546930681789036e+00
-7.626586137772523699e+00
-2.780187175944140998e-01
9.942061048647426347e+00
3.023143896746664616e+00
8.847764351829020768e+00
5.903714610876542146e+00
-3.376164380534114162e+00
-6.551063205486231666e+00
5.080825425859590183e+00
-7.904729510670778225e+00
8.027807079797160128e-01
-7.773130095131532080e+00
1.788708321976922866e+00
9.256287705778413866e+00
6.069315066741729048e+00
-7.441532495402512382e+00
7.557204875549717649e+00
4.292282639926641608e+00
8.306604590961223167e+00
-5.687246062804545588e+00
5.685375570523700794e+00
-3.604598848140353473e-01
8.099725240653652847e+00
6.779857409387823886e+00
1.000000000000000000e+01
5.816597514150507742e-01
-8.322973592142488997e+00
3.409310753722043952e+00
4.191784947123061933e+00
1.030118350476465494e+00
6.030617597142067687e+00
-2.298752690452781078e+00
-2.093296329882214479e+00
-2.985778074233181201e+00
-9.848694039041276937e+00
-3.022389946826794294e+00
8.865483943961709912e+00
-5.780056628001862151e+00
-7.574382730340569303e+00
-8.227022435276407641e-01
8.757397801582248675e+00
-1.110153713166594391e+00
6.742397256689700136e+00
-5.013679808610047139e+00
3.248839666514037550e+00
-4.195767948761916166e+00
-2.921755150661922595e+00
8.602016073219777681e+00
-1.865926877039325804e+00
-9.404996421016495134e+00
6.682172969954772057e+00
-5.402884492632276547e+00
1.950997597825460117e-01
-2.304781868375046283e+00
5.184384339266822295e+00
2.630807863557715898e+00
-6.113438971433682312e-01
-5.076377792107346076e-01
-2.228437070127260000e+00
-7.086363260744603210e+00
7.148718712269939601e+00
-2.368770392957048720e+00
-1.107683685266917184e+00
1.000000000000000000e+01
1.667981310184313504e+00
1.000000000000000000e+01
-1.747971394611216756e+00
-5.139605632032384186e+00
-6.206647417678379242e+00
5.184025086255568127e+00
8.682717370722457417e+00
-7.874018436189434311e+00
4.492356131024639154e+00
-1.560987442816273996e+00
5.523026961822623093e+00
1.000000000000000000e+01
-5.802845693492436396e+00
8.371852775189347895e+00
4.984611523171901482e+00
7.682404149814789029e+00
4.037992744337059570e+00
-2.830213273348705094e+00
-3.238226511975522026e+00
1.745081492056980377e+00
1.653196104830398250e+00
1.000000000000000000e+01
2.377841901304715400e+00
-2.579105994207582242e-01
9.793727158235508767e+00
-9.263641119585372952e-01
-1.972031096030358865e+00
-2.111209173416268126e+00
-9.672501362021854732e+00
2.630109341033499248e+00
5.759177264279096597e+00
-3.644165593446052842e+00
5.419017082895145165e+00
8.308127607651467628e+00
4.795642438323866052e+00
2.559686670153256571e+00
3.710649495759538397e+00
-7.238780501727887895e+00
2.735034834648692570e+00
-6.134849897682307152e+00
-1.822786729978324027e+00
3.272413133735361690e+00
-6.117210521640618737e+00
-9.645269561751613097e+00
-2.510611398480610212e+00
-2.499405458989267359e+00
4.854045941095875172e+00
2.066236393791856418e+00
-8.367554986089242419e+00
-5.281704117947903399e+00
4.759958705810763746e+00
4.511219638394600162e-01
6.020613583536110980e+00
5.062847158981759188e-01
-1.665476962254876625e+00
-3.143599092980920329e+00
-1.458725234007074878e+00
7.938876776878718289e+00
1.890617666898180893e+00
1.149419844810033453e-01
1.795536008672181216e+00
4.519576637037049593e+00
6.420195538541616287e+00
-2.623305330835988158e+00
-8.677232817458518710e+00
-7.596577052208079550e+00
4.188011737061049899e+00
4.049188655279392535e+00
6.144193008452575322e-01
3.509047613771665297e+00
5.383859152241869062e+00
9.201147232647878482e+00
5.340098704889095771e+00
3.093646019928443902e+00
3.315537205829846013e-01
1.000000000000000000e+01
-4.836131643792001888e+00
2.960159736245081552e-01
-4.619052790409775788e+00
-1.719121237497698740e+00
3.353926101888104583e+00
9.057981830534581391e+00
4.883081257677091003e+00
-3.467878969426403835e+00
-8.701304846962807815e+00
-1.418718619748920551e+00
-6.724604285094371470e+00
7.785443903435245616e+00
-8.615668146000274419e+00
-4.382971005778722784e+00
-3.561201270340792924e+00
9.662477819631625664e+00
-1.588819827733759737e+00
7.694920621326197363e+00
9.601895169899245630e+00
4.199267332386375173e+00
-2.619706140977507758e+00
-4.049603146926342490e+00
6.692175279492350803e+00
6.039846928817556027e+00
1.000000000000000000e+01
-8.944392372162766947e+00
1.000000000000000000e+01
-3.399663319193928945e+00
2.212523386017807070e+00
1.000000000000000000e+01
1.000000000000000000e+01
5.788043559252713521e-01
-5.521600150206928959e+00
-5.817733665701116941e+00
-3.548170026491949125e-01
-3.896294500656015458e+00
-8.515849620221100480e+00
7.953867488407009745e+00
