
 gen | best | mean | std
 GENERATION 0 | 74.853671 | -0.489586 | 14.926788
 GENERATION 1 | 74.853671 | 8.619069 | 20.660694
 GENERATION 2 | 74.853671 | 17.386299 | 22.075302
 GENERATION 3 | 84.266602 | 32.655725 | 23.145476
 GENERATION 4 | 86.99141 | 41.537894 | 21.97146
 GENERATION 5 | 86.99141 | 45.181872 | 21.029607
 GENERATION 6 | 86.99141 | 47.561885 | 18.093956
 GENERATION 7 | 87.697441 | 52.825471 | 15.629689
 GENERATION 8 | 87.697441 | 57.515305 | 14.961706
 GENERATION 9 | 87.697441 | 57.070487 | 17.2033
 GENERATION 10 | 87.697441 | 57.151797 | 17.977253
 GENERATION 11 | 87.697441 | 59.507188 | 15.630257
 GENERATION 12 | 87.697441 | 58.996657 | 12.700696
 GENERATION 13 | 87.697441 | 60.692245 | 12.046288
 purge
 GENERATION 14 | 87.697441 | 52.666165 | 26.197885
 GENERATION 15 | 87.697441 | 64.703987 | 15.925531
 GENERATION 16 | 87.697441 | 66.212349 | 20.721213
 GENERATION 17 | 87.697441 | 71.019184 | 15.263666
 GENERATION 18 | 87.697441 | 71.677476 | 17.496984
 GENERATION 19 | 87.697441 | 73.18732 | 17.024738
 GENERATION 20 | 87.697441 | 72.034256 | 20.54162
 purge
 GENERATION 21 | 87.697441 | 66.550135 | 34.794322
 GENERATION 22 | 87.697441 | 81.076527 | 15.714002
 GENERATION 23 | 87.697441 | 82.30468 | 16.821826
 GENERATION 24 | 87.697441 | 82.77192 | 14.618833
 GENERATION 25 | 87.697441 | 81.343095 | 16.201484
 GENERATION 26 | 87.697441 | 80.070473 | 18.0437
 GENERATION 27 | 87.697441 | 81.467301 | 17.629946
 purge
 GENERATION 28 | 87.697441 | 70.428192 | 32.701616
 GENERATION 29 | 87.697441 | 82.971425 | 15.176253
 GENERATION 30 | 87.697441 | 83.675516 | 14.434593
 GENERATION 31 | 87.697441 | 85.668659 | 9.044907
 GENERATION 32 | 87.697441 | 85.257552 | 11.508622
 GENERATION 33 | 87.697441 | 85.695162 | 12.205265
 GENERATION 34 | 87.697441 | 87.20933 | 4.856645
 purge
 GENERATION 35 | 87.697441 | 67.885481 | 36.363779
 GENERATION 36 | 87.697441 | 82.570086 | 16.801548
 GENERATION 37 | 87.697441 | 85.929475 | 7.713455
 GENERATION 38 | 87.697441 | 87.259872 | 3.319385
 GENERATION 39 | 87.697441 | 86.503548 | 8.184553
 GENERATION 40 | 87.697441 | 86.722148 | 8.510607
 GENERATION 41 | 87.697441 | 86.722148 | 8.510607
 purge
 GENERATION 42 | 87.697441 | 67.655008 | 35.8732
 GENERATION 43 | 87.697441 | 82.714745 | 19.82125
 GENERATION 44 | 87.697441 | 86.856351 | 8.368749
 GENERATION 45 | 87.697441 | 86.850478 | 8.427183
 GENERATION 46 | 87.697441 | 87.697441 | 0.0
 GENERATION 47 | 87.697441 | 86.541238 | 8.942085
 GENERATION 48 | 87.697441 | 86.850478 | 8.427183
 purge
 GENERATION 49 | 87.697441 | 67.041709 | 36.816774