-1.458807713346063073e-01
9.075811581216141732e+00
-6.819284715704611699e+00
3.178989057438865728e+00
1.448180034686423534e+00
-5.567377290155956615e+00
6.155303590091118160e+00
8.728197308103444740e+00
-9.847483981747970461e+00
7.823091220392874412e+00
3.355204176548273409e+00
-7.275009611620864014e+00
-5.621545178108688923e+00
4.845672023334806511e+00
-9.149801141914334579e+00
-5.009533024738070495e+00
9.319676276293842321e+00
-4.542481017114179842e+00
-4.915482994199749101e+00
1.000000000000000000e+01
-2.618792857444108613e+00
1.573328909804073472e+00
7.970582170931054478e+00
-9.420512518553762149e+00
-3.040429389178260777e+00
5.880521071927434562e+00
2.130560098974700445e+00
8.457620083056795579e+00
-5.928613849301102690e+00
-2.544670732464875407e+00
-3.053194004765292568e+00
-1.945208199273229521e+00
9.278170012268542877e+00
-8.158960253470421975e+00
-5.253416202150031467e+00
-7.949560311835530690e+00
-7.201058766248491505e-01
2.017664921865871541e+00
4.261512073663702438e+00
1.429113428711397960e-01
-6.750536416362254322e+00
-3.811427042027990097e+00
3.986279200693069402e+00
-6.882342914261222688e+00
-3.894745309615868845e+00
-4.199183441745930612e-01
4.407066951768237928e+00
-4.984222266300521120e+00
1.000000000000000000e+01
1.339737829769493960e+00
-5.471165860781557200e+00
7.069800630653762852e+00
-7.974361222848453501e+00
4.009213566163577269e+00
3.495950410622328253e+00
7.533907396769680354e+00
5.606060249180321087e+00
-7.189710014661187643e+00
-7.170916145568297928e+00
4.370558690872993424e+00
8.462907568391809576e+00
-3.665340463415411421e+00
-6.011641529351190449e-01
2.144082366266760964e+00
6.320155733050212277e+00
1.565673489020484421e+00
-6.606387689183729428e+00
-4.199302622460685974e+00
-5.231476827468734214e+00
-6.973395149246382374e+00
6.989169084822734135e+00
-4.056867624211230705e+00
5.393810927556135226e+00
3.957431943919845985e+00
1.229703774354411472e+00
-2.174719189167273914e+00
-3.236623944574235967e+00
7.464343139010307659e+00
7.380295207888663889e+00
1.000000000000000000e+01
-1.779001114617949630e-01
-6.290002486200068965e+00
-4.008367133822423156e+00
-1.739120358189543802e+00
3.193628237009223714e+00
1.000000000000000000e+01
-4.390229440193054167e+00
-8.539308983445145884e+00
7.555666577962827368e+00
6.350548879715907979e+00
4.489014371006306847e-01
2.759891008132940637e+00
1.000000000000000000e+01
-1.029366800224388978e+00
4.619098299290243403e+00
9.859938676206393637e+00
-3.079547378715229655e+00
7.422456428696280639e+00
-2.696380670860889950e+00
-2.573791026485839240e+00
1.000000000000000000e+01
8.859761105782428814e-01
1.000000000000000000e+01
-7.161681982875235164e+00
3.746417288607923446e+00
9.352359152274788201e+00
5.531522908566103069e+00
6.334288888460570810e-01
-8.494489562377763647e+00
4.499876151262205859e+00
-5.571647234379046409e+00
9.881432967201130069e+00
-7.987504827266806551e+00
-2.020107013274141106e-01
8.415729693587996607e+00
7.100542612155835265e+00
-3.981467715525816242e+00
-2.467930393984021364e+00
2.810143892527248610e+00
1.000000000000000000e+01
-4.765193339737246347e+00
-7.066260694009825372e+00
4.440183412546382158e+00
6.044309830773011427e-01
-5.117580666052249150e+00
-2.820420578615669083e+00
7.460854883785327019e+00
-4.505676647900194176e+00
-5.042021762293017240e+00
2.463310882366831933e+00
1.936920721566026016e+00
7.357129273611977105e+00
4.572322528947904141e-01
8.759155484573915018e+00
-5.619910274054594090e+00
-1.668075065733956919e+00
8.595944999211706516e+00
-7.345605655978574511e+00
-1.084726892382923857e+00
-6.889771341104671265e+00
8.819347272792827042e+00
-8.154185870675128456e+00
-2.318549605028491722e+00
-3.985112771479735194e+00
2.222119852137952378e+00
4.929733829782988686e+00
7.058085345245859621e+00
9.659805913828218848e-01
1.000000000000000000e+01
-2.653790225467187014e+00
5.060290840855309114e+00
1.000000000000000000e+01
4.251898367945735058e-01
-5.158461935989386404e+00
-1.000000000000000000e+01
-3.052329296720956986e+00
-2.934679689581944917e+00
-4.053159383703257568e-01
-1.414538497594563848e+00
2.377705312261805481e+00
9.992429972867336474e+00
2.692585594903716295e+00
-3.289619778327298683e+00
4.417025199541277480e+00
9.233520666089088280e+00
-4.807263661445172476e-01
1.000000000000000000e+01
8.348847472790298596e+00
-6.861775046179002802e-02
9.879771765156505126e+00
2.264852613648585589e+00
-1.693446470824340633e+00
5.464668346871882854e+00
-3.518514684457319852e+00
5.652096064895813399e+00
-1.420520907581926284e+00
-3.437164706302882955e+00
1.302962530977634259e+00
-8.875899064755768952e-01
4.754685472528310530e-01
-3.243936874819735916e+00
6.164167813879647184e+00
6.415833918541583358e+00
-5.830257633885270074e+00
8.659193090973932527e+00
-5.507085519848491373e+00
-8.751626990453901911e+00
7.832587751967073686e+00
-6.579866885731472159e+00
5.282148250584433491e+00
-1.222880652730312656e+00
1.000000000000000000e+01
-6.242640994021136258e+00
6.792931959049758994e+00
-1.695433226202439414e+00
3.393656507871371630e+00
1.000000000000000000e+01
-5.338172894651375344e+00
1.748557236187619601e+00
9.265916601834327082e+00
8.876324456486820447e-01
6.539109120951000165e+00
5.798341927154991637e+00
1.000000000000000000e+01
-6.281827756659136064e+00
-4.101730074157320161e+00
-2.440036652724099309e+00
4.486224541642442887e+00
5.259982102603365739e+00
4.504770121737326605e+00
-6.626526623186846265e+00
5.707892042516465203e+00
8.817675623783151062e-01
9.169383470658356572e+00
-8.362269358068509462e+00
6.182715425825795919e+00
3.425147684912639434e+00
-5.027771852233733796e+00
1.000000000000000000e+01
-5.434431927301124787e+00
-7.033757556320368032e+00
4.574901183559669349e+00
-1.082870671588222811e+00
1.527608811644258546e+00
9.908541455668176567e+00
-2.139385155403605854e+00
-1.763723419013766058e+00
2.749914243085952670e+00
-3.529469756584739049e+00
-9.592913114619534554e+00
1.005115732361135938e+00
9.940702051879673817e+00
8.947017958205616850e+00
-2.987616086786645475e+00
-6.924894494310156468e+00
3.406561201212786827e+00
-2.704159605993137205e+00
1.019786453201835030e+00
-4.270019117118509122e+00
-4.926421814123025378e+00
-7.344130885175438550e+00
9.746273058257774125e+00
-8.773135606943981202e+00
-1.161346722888497052e+00
3.676621768180313055e+00
3.606578571624023954e-01
-3.980310515960897799e+00
-8.750012614393229526e+00
7.013201678778846038e+00
-8.789493452250233929e+00
2.806922644270948730e+00
-7.827571865789304972e+00
5.958612646545284441e+00
5.554578720120772140e+00
2.107728546458904617e+00
-4.903785370568672697e+00
8.083523890489457742e+00
1.000000000000000000e+01
1.797683148789639196e+00
-2.521967109641412907e+00
6.435195827820632708e+00
1.348785557322618178e-01
-5.205276258390275856e+00
7.793758003958716429e+00
6.932306373435430658e+00
