1.000000000000000000e+00
1.000000000000000000e+00
0.000000000000000000e+00
-4.371549212472403134e-02
1.000000000000000000e+00
1.000000000000000000e+00
3.863281710284045545e-01
7.625157284360478682e-01
-1.000000000000000000e+00
7.176573144420829165e-01
3.509644635916947530e-01
1.000000000000000000e+00
4.786183185237589122e-01
1.000000000000000000e+00
1.000000000000000000e+00
1.000000000000000000e+00
1.000000000000000000e+00
4.668215126897523604e-03
-1.000000000000000000e+00
2.042004202309222749e-01
1.000000000000000000e+00
6.215324040589603749e-01
1.000000000000000000e+00
1.000000000000000000e+00
4.177072131335122229e-01
1.982589124840083983e-02
1.000000000000000000e+00
1.000000000000000000e+00
0.000000000000000000e+00
1.000000000000000000e+00
0.000000000000000000e+00
1.000000000000000000e+00
1.000000000000000000e+00
0.000000000000000000e+00
0.000000000000000000e+00
1.000000000000000000e+00
0.000000000000000000e+00
1.000000000000000000e+00
5.246838976769876428e-01
-1.000000000000000000e+00
0.000000000000000000e+00
1.000000000000000000e+00
-1.000000000000000000e+00
8.675172472595527040e-01
0.000000000000000000e+00
8.368788907374018482e-01
1.000000000000000000e+00
1.000000000000000000e+00
5.203453210956422437e-01
1.000000000000000000e+00
-1.000000000000000000e+00
6.530698359837274758e-01
5.401764543049383249e-01
0.000000000000000000e+00
3.881600069299232514e-01
-1.000000000000000000e+00
-1.000000000000000000e+00
1.000000000000000000e+00
1.000000000000000000e+00
-1.000000000000000000e+00
-1.000000000000000000e+00
1.000000000000000000e+00
1.000000000000000000e+00
-1.000000000000000000e+00
5.825237505217204514e-01
0.000000000000000000e+00
4.763420107354449096e-01
1.000000000000000000e+00
-1.000000000000000000e+00
1.000000000000000000e+00
1.000000000000000000e+00
-1.000000000000000000e+00
-1.000000000000000000e+00
1.000000000000000000e+00
1.000000000000000000e+00
9.969894318333243355e-01
-1.000000000000000000e+00
-2.189266872792506313e-01
1.000000000000000000e+00
-1.000000000000000000e+00
1.000000000000000000e+00
1.000000000000000000e+00
1.000000000000000000e+00
-1.000000000000000000e+00
-1.000000000000000000e+00
-4.936084875530681870e-01
8.609229321267876101e-01
-1.000000000000000000e+00
1.000000000000000000e+00
7.054929650418619858e-01
-6.525051456175691156e-01
-1.000000000000000000e+00
-1.000000000000000000e+00
1.000000000000000000e+00
-1.000000000000000000e+00
-1.000000000000000000e+00
1.000000000000000000e+00
1.000000000000000000e+00
-1.000000000000000000e+00
8.489700890296476565e-01
-1.000000000000000000e+00
1.000000000000000000e+00
-1.000000000000000000e+00
8.246349933315968439e-01
-1.213490462049082730e-02
1.000000000000000000e+00
1.000000000000000000e+00
1.000000000000000000e+00
2.705392602300902283e-01
-1.000000000000000000e+00
1.000000000000000000e+00
1.000000000000000000e+00
1.000000000000000000e+00
-1.000000000000000000e+00
2.992286476032119946e-01
-1.000000000000000000e+00
1.000000000000000000e+00
1.000000000000000000e+00
-2.675999759633564956e-01
-1.000000000000000000e+00
-1.000000000000000000e+00
-1.000000000000000000e+00
1.000000000000000000e+00
-1.000000000000000000e+00
-1.000000000000000000e+00
9.170662360153457593e-01
1.000000000000000000e+00
-1.000000000000000000e+00
1.000000000000000000e+00
-1.000000000000000000e+00
1.000000000000000000e+00
5.076627463219018921e-03
1.000000000000000000e+00
-1.000000000000000000e+00
-1.000000000000000000e+00
-1.000000000000000000e+00
-1.000000000000000000e+00
-1.000000000000000000e+00
1.000000000000000000e+00
-7.557574425573051480e-01
-1.000000000000000000e+00
-2.580009027445220315e-01
1.000000000000000000e+00
1.000000000000000000e+00
-1.000000000000000000e+00
1.000000000000000000e+00
3.440563115202721622e-02
1.000000000000000000e+00
-8.329741977794765662e-01
-7.384644425320603389e-01
1.000000000000000000e+00
1.855090460124421692e-01
1.000000000000000000e+00
-1.000000000000000000e+00
-1.000000000000000000e+00
-1.000000000000000000e+00
1.000000000000000000e+00
-1.000000000000000000e+00
1.000000000000000000e+00
1.000000000000000000e+00
1.937251880232375711e-01
-5.927151070242659969e-01
1.000000000000000000e+00
-1.000000000000000000e+00
-1.000000000000000000e+00
1.000000000000000000e+00
-1.000000000000000000e+00
1.000000000000000000e+00
1.000000000000000000e+00
4.139165397495333520e-01
-1.000000000000000000e+00
-1.000000000000000000e+00
1.000000000000000000e+00
1.000000000000000000e+00
1.000000000000000000e+00
-1.000000000000000000e+00
-1.000000000000000000e+00
-1.000000000000000000e+00
1.000000000000000000e+00
1.000000000000000000e+00
-1.000000000000000000e+00
1.000000000000000000e+00
-1.000000000000000000e+00
1.000000000000000000e+00
1.000000000000000000e+00
2.889332258081518390e-01
1.000000000000000000e+00
1.000000000000000000e+00
-6.607102531812103496e-01
-1.000000000000000000e+00
-2.205693990713863961e-01
1.000000000000000000e+00
-1.000000000000000000e+00
-1.000000000000000000e+00
8.250781058711251781e-01
1.000000000000000000e+00
-2.078705208622619871e-01
1.000000000000000000e+00
-4.699252491117704711e-01
-1.000000000000000000e+00
-1.000000000000000000e+00
-1.000000000000000000e+00
-1.000000000000000000e+00
1.000000000000000000e+00
9.454777174522680516e-01
-1.000000000000000000e+00
1.000000000000000000e+00
-3.008826302075788828e-01
-1.241083885420655175e-01
1.000000000000000000e+00
1.000000000000000000e+00
-8.503162987673773543e-01
-1.000000000000000000e+00
-1.000000000000000000e+00
1.000000000000000000e+00
-1.000000000000000000e+00
4.364646701461034617e-01
-1.000000000000000000e+00
1.000000000000000000e+00
-1.000000000000000000e+00
-1.000000000000000000e+00
1.000000000000000000e+00
1.000000000000000000e+00
1.000000000000000000e+00
1.000000000000000000e+00
-1.000000000000000000e+00
4.295438041681336472e-01
-4.131345783066522337e-01
1.000000000000000000e+00
5.601111296438798792e-02
-1.000000000000000000e+00
-1.000000000000000000e+00
1.000000000000000000e+00
1.000000000000000000e+00
1.000000000000000000e+00
7.670064004808618829e-01
1.000000000000000000e+00
-1.000000000000000000e+00
1.322882160452866218e-01
1.000000000000000000e+00
1.000000000000000000e+00
-1.000000000000000000e+00
1.000000000000000000e+00
1.000000000000000000e+00
1.000000000000000000e+00
-1.000000000000000000e+00
-1.000000000000000000e+00
1.000000000000000000e+00
1.000000000000000000e+00
1.000000000000000000e+00
-9.793488013470318387e-01
1.000000000000000000e+00
1.000000000000000000e+00
1.000000000000000000e+00
-1.000000000000000000e+00
4.115195292726305798e-01
1.000000000000000000e+00
-1.000000000000000000e+00
-1.000000000000000000e+00
-1.000000000000000000e+00
1.000000000000000000e+00
-1.000000000000000000e+00
2.434688270737364046e-01
-1.000000000000000000e+00
1.000000000000000000e+00
