-8.244068745830377409e+00
3.009376597026917732e+00
6.191665223269481544e+00
-1.000000000000000000e+01
5.887391848622463009e+00
-5.308112440915430774e+00
-1.717807538550131907e+00
1.000000000000000000e+01
-3.439834571612248926e+00
-6.439790479295862013e+00
-3.573978291405495611e+00
-7.798216692083226320e+00
6.283987108287362844e+00
-2.767968566044211265e+00
-5.740102813642626423e+00
-6.526987017671379121e+00
-5.806293220232502605e+00
5.926020485841178242e+00
1.958139700725017640e+00
4.825768891178642050e+00
-2.962994964721549440e+00
9.274021370214288851e+00
-5.145009717883684885e+00
1.586612677791657822e+00
2.783784071812602789e+00
8.288526336954369356e+00
9.168778469759159222e+00
-5.170150595133695681e+00
2.015211400795231977e+00
9.450514795595438500e+00
-8.966739434430229139e+00
9.155076040721791486e+00
-3.179136967211690923e+00
-3.667205362110178779e+00
6.289569709555845378e+00
8.575689313160923533e+00
-1.949169291400342008e+00
-6.401972598417394522e+00
9.900205657611154564e+00
-1.287216593032250334e+00
-4.268008336809367087e+00
-6.938662088164555541e+00
7.452498791764183395e+00
-1.711841263983523875e+00
6.589332899505674135e+00
-3.393431692167652614e+00
-2.577022919408153978e-01
1.000000000000000000e+01
-5.401242572819568544e+00
7.814038157589791922e+00
4.501581320667236596e+00
-8.182818989411703825e+00
-5.016849495495169009e+00
8.473082379307795620e+00
8.681663263399306274e-01
6.339152205385135908e+00
3.351369664482699573e-01
4.024237338112521378e+00
6.275758986597995026e+00
-2.128483105545385001e+00
-8.664835958106046121e+00
8.737539903170862488e+00
6.129837788120692466e+00
8.727720145585173839e-01
-6.168807055811787343e+00
4.476136050226438012e-01
-1.979242163917188435e+00
3.094099032728024223e+00
-7.268360411202580806e+00
9.639393731851887637e+00
2.181552417405679734e+00
7.852645485804419678e+00
-7.185249661182095515e+00
5.733231492123515238e+00
-2.904602234885475642e+00
4.748060399310549129e-01
-7.346777807092431445e+00
1.000000000000000000e+01
9.672781095882578839e-01
-6.565112475306833062e+00
-5.172550809603844169e-01
4.054267041564183494e+00
8.904624784760441614e+00
8.141307943277412917e+00
-6.155067165983514332e-01
1.000000000000000000e+01
6.333650796543250472e+00
4.717520392788334682e+00
3.534518486123609193e+00
-5.348898102504281660e+00
-1.284991527749024698e+00
-5.515696284580097419e+00
-9.420233379719123334e+00
9.870544613933581957e+00
7.807354511809111441e-01
-2.862046134467400860e-01
2.448112482154060743e+00
-1.127876919331686767e-01
9.149770558787682972e+00
3.341163580528771604e+00
2.592059056602517009e-01
8.804352529858054055e+00
1.951506404670026562e+00
7.940443815925712023e+00
5.995463904195882598e+00
-2.134711524485306100e+00
-5.151393004217055704e+00
-3.544329861423500816e+00
2.902749171821487728e+00
2.472780217355730503e+00
-1.515130951505561097e-01
8.235420531015757994e-01
1.950808637155526437e+00
2.004990447116838048e+00
-9.449352468383187542e+00
-8.165991721804446435e-01
3.577593807281973959e+00
4.759722171039292959e+00
-3.011219971077879087e+00
-1.105688812192993309e+00
1.744952278676373814e-01
-7.762706374371908247e+00
3.955063626867489468e+00
1.267329748772612064e+00
-4.736581912243191361e+00
4.548774782699543273e+00
9.707554320136333459e+00
-9.072621535658955239e+00
4.322959131732093674e+00
1.757956147249126744e+00
-2.490880589567726844e+00
6.777794337980502348e+00
9.863210151130015646e+00
-8.200714114349624495e+00
-3.776486499086919579e+00
9.030677098733235653e+00
-7.244580167224749623e+00
-1.834676202920261456e+00
-8.299927025487379595e+00
-7.675024949434838817e-01
1.495747610472233369e+00
9.172669447196842185e+00
2.198657449605057934e+00
-4.728829750101225748e+00
8.934425915286803743e+00
1.000000000000000000e+01
1.923212587072053115e+00
4.150411037101818579e+00
2.263282325518320981e+00
3.967017110431737770e+00
-5.798043678123836475e-01
-8.004601125324650734e-01
3.896980876431556773e+00
1.341198711245297215e+00
1.419710933301854494e+00
5.351037285700915191e+00
9.979475857883431944e-01
3.042639007336346069e+00
1.644515282388974153e-01
4.299103717916869627e+00
7.111534454098084268e+00
-2.852004393058988896e+00
-5.240659808580554468e+00
4.768233903413055863e+00
-7.082382336015522473e-01
3.034173914630080127e+00
7.956212450998483732e+00
1.343924644070067620e+00
-3.188386387149820145e+00
1.000000000000000000e+01
-8.977268985960327186e-01
8.395747888901368583e+00
-2.920647237235908911e+00
3.685724864203151263e+00
2.055835015635326002e+00
3.813961636711300507e+00
-4.190211643548289011e+00
1.000000000000000000e+01
8.466899387462543558e+00
-1.556991520233790727e+00
9.246035774680901653e+00
7.616835857307427737e+00
9.837281285472460723e+00
1.667601200729406319e+00
-4.375984032855485317e+00
1.055361984208701420e+00
5.026454864995943961e-01
-5.149733268577183942e+00
-8.057453804028627431e+00
6.075485306706529087e+00
1.000000000000000000e+01
3.676244936136336960e+00
9.659824472129921347e+00
3.595814592212121852e+00
4.843278880121944852e+00
8.959323312958870744e+00
1.000000000000000000e+01
2.926008075622454463e+00
3.192901121460741898e+00
-8.983226282341998825e+00
-3.249969049480433636e+00
-8.298481475131151086e+00
2.859121934617923522e+00
4.388698029427352765e+00
2.952221565717310092e+00
1.000000000000000000e+01
-8.498767999751066782e+00
4.561671300502093018e+00
3.995392318057414904e+00
8.983180367758357932e+00
4.221287405906694268e+00
5.288403383977253291e+00
-5.499109708514968275e+00
-3.307921817841070755e-01
-3.332978595525788013e+00
-1.983482678084586448e+00
4.563217019961912868e+00
-8.961339407036989613e+00
-2.386472769786400772e+00
2.469984873253501245e+00
-7.871482336903298460e+00
-7.946709417204955717e-01
6.552037412949770712e+00
1.171830513545942587e+00
6.972419868594943004e+00
-7.234233560172127930e+00
-8.991002604264474840e+00
9.004106225597857005e+00
7.028966084977826156e+00
-9.121765715623196158e+00
1.000000000000000000e+01
-3.313058964676779627e+00
-3.883901884385919878e+00
4.790474298904057182e-01
2.051658371733032560e+00
-6.686733995181269208e+00
-6.138733799367171784e+00
7.689198747806040402e+00
2.838937541492815519e+00
5.347950542926805717e+00
-6.851318756131846932e+00
7.825984623876151680e+00
9.966218900868126340e+00
2.257390475548634257e+00
8.463728103233547628e+00
-1.000000000000000000e+01
5.406369238930507137e+00
-2.505959787888985879e+00
-4.169368116628209719e+00
4.091103298887350803e+00
2.062751517685816438e+00
-3.487559657285549175e+00
1.541353713502203071e+00
7.940967363347743557e+00
5.775046067465913424e+00
8.829486355443028955e+00
2.979542592262489631e+00
1.578107429461206301e+00
7.562257964616290629e+00
9.002538603510151560e+00
-5.854009155826019217e+00
8.032332029826882547e+00
-4.386297709989856131e+00
-5.137818494462817576e+00
9.654873187267067891e+00
