8.422386391512471704e+00
-6.850798097884211124e+00
-4.487485358258676560e-01
4.527630544668872936e+00
-1.243868679206544314e+00
8.129678457651330348e+00
-5.358703814909636876e+00
9.922878529699362460e+00
1.945409430343129076e+00
-1.480721970007335075e+00
6.625978403596553434e+00
8.585999984940519525e+00
7.564426390503156128e+00
-4.691940400810226119e-01
-8.241943186045759262e+00
-6.865847122787854140e+00
-5.569655909141038030e+00
-1.980740265118061005e+00
-2.450126781438193291e+00
-8.751578678025625280e+00
4.042257754178572249e+00
3.597583064385859508e+00
-1.172785212375220265e+00
1.072573543481655789e-01
-8.165749052306761513e+00
-8.241166880222532853e+00
-9.673079674497854441e+00
-3.737071227041258492e+00
2.875015357148139827e+00
-1.000000000000000000e+01
-7.364060957629697590e+00
4.064177051366104187e+00
-2.381277349106050156e+00
7.443595673113478917e+00
5.167641630398013497e+00
1.056750871899122757e+00
-9.030030576377795271e+00
-7.164797523701864179e+00
-8.320289281986712027e+00
-5.476547259311519866e+00
-3.340162587317454523e+00
1.440082387204556946e+00
2.244894978119006956e-01
-7.204978231704827429e+00
-1.096682547998603319e+00
1.625454868717023604e+00
1.000000000000000000e+01
2.727620242549633645e+00
-1.599866176265881457e+00
4.783606809549079131e+00
5.211428847372379103e+00
-7.184287467182283393e+00
-3.079528950451194902e+00
1.556487021301542928e+00
2.807470129319234342e+00
6.905255556220813773e+00
6.814105043153694474e+00
-3.790863398795127348e-02
8.018045444975250291e+00
-5.395120780202693034e+00
-7.197747235765937113e+00
1.167793437215268071e+00
3.807337371746831511e+00
1.000000000000000000e+01
8.221735809793887739e+00
-3.689452013135278374e+00
8.222980383364699719e+00
1.922160434028531206e+00
3.144992965684289210e+00
7.973720745945227506e+00
-4.746741819729748180e+00
2.739817255584425126e+00
2.508400533624133733e+00
2.031544178491065722e+00
7.220354571987539494e-01
1.000000000000000000e+01
8.458290639520456011e-01
-4.802464876388102155e+00
-1.244721876050664422e+00
-1.397715983793905714e+00
-6.426617818663532766e+00
4.009169137115835113e+00
-7.820181413676055904e+00
2.712047561213973612e+00
3.906403309442478822e-01
1.286729150417248446e-01
-4.746808583394050096e+00
-5.533460383684572825e+00
6.152673023607941882e-01
3.904662205979726686e+00
9.973024826597027825e+00
5.233792175689522708e+00
6.785832783024261516e+00
-2.481303522778811610e-01
1.048949412132789138e-01
3.183479144662492377e+00
1.000000000000000000e+01
-8.747422121043140208e+00
8.880143875069034465e+00
1.000000000000000000e+01
-6.624977940892710748e+00
1.518928028304252775e+00
4.117282075601645275e+00
7.480785244144859014e+00
-2.379608289143371636e+00
7.715247478339485987e+00
2.261905102997662009e+00
3.538811894186432383e+00
-8.563246191670888408e+00
8.506422796985912527e+00
2.358603297786403985e+00
6.602783923420322054e+00
-4.962675097130324176e+00
-7.457076057057132612e-01
2.655075561258783523e+00
-4.437657387250512286e+00
5.932415641544665164e+00
-1.949067345950531216e+00
-5.043370496138266823e+00
-2.094202717820855542e-01
-1.614026399180778171e+00
-6.074777374367990035e+00
3.471304510116322017e+00
3.926427771806610512e+00
-2.875084242083897568e+00
2.255572600235440373e+00
1.000000000000000000e+01
1.843606971065135047e+00
-2.006661715417675573e+00
1.353110044089184116e+00
-3.708520964706315759e+00
-2.345641985894888037e+00
7.941414652612428515e-01
-8.246823327543646442e-01
1.000000000000000000e+01
-9.824701650850199641e+00
-9.186831709334571272e+00
1.000000000000000000e+01
-6.046980902360878929e-01
-7.002391492786439464e+00
5.382542486946900517e+00
-4.412578990842528803e+00
9.526718712650369625e+00
5.691411813827989441e+00
-6.763650338726164613e+00
-6.445446704754485001e-01
3.386868119533358978e+00
4.457790902318901516e+00
2.313294400124826122e+00
8.584215247396755899e+00
8.606788824393351689e+00
1.170884670903852065e+00
9.867716011748916216e+00
-2.462440467972446090e+00
-7.381564445325061286e+00
-6.485524951447888320e+00
2.176852491591236838e+00
9.897848548127308632e+00
4.191169002193634974e+00
1.462660643703291852e+00
9.036826392706950983e+00
-5.322867439696372216e+00
3.769905862284429698e+00
-3.644762980085211046e-01
9.943890621879450720e+00
4.646054889769000162e+00
6.728185482635977710e-01
2.487264288693524228e-01
4.078017433564791183e+00
2.400931893292783670e+00
9.022491357235693954e+00
3.835818002561579121e+00
-3.654434287563696149e+00
8.402300258221712781e+00
-9.415230061406044015e+00
-3.128865874659361168e+00
-5.559590914503528047e+00
-2.520319733836859033e+00
5.394539843667954804e-01
5.504782938285416982e+00
-4.191100496115454987e+00
-6.416434777116888810e+00
2.664738757959306259e-02
2.363559231174561681e+00
1.000000000000000000e+01
-2.404705750897116356e+00
-6.254365155856122627e+00
9.021149655583831084e-01
-8.259925086358859136e-01
1.000000000000000000e+01
6.649713334246907692e+00
5.918167057590375535e+00
1.603062640535637851e+00
-7.384821325281286652e-01
-7.748469644148002544e+00
8.348740560761456209e+00
-4.875587970705429264e+00
2.060598595499994801e+00
-6.627830735784167260e+00
2.730278893345614577e+00
3.735764115466231328e+00
2.665359089129533565e+00
7.899737548807549636e+00
-2.414396295412368332e+00
6.525778463516762606e+00
-8.860399220498604844e-01
6.573054195260353616e+00
-1.831545738401936019e+00
-2.476926393805219284e+00
7.535896676844405562e+00
-5.141062771858035951e+00
4.166443063630956622e+00
6.060390492868204859e+00
-1.619587571510698432e+00
-9.742162590689896762e-01
5.437966059144746289e+00
9.950749953207626675e+00
5.971324407389185573e+00
6.958336544485289821e+00
-8.589901601538885600e+00
-3.219576226666132968e+00
-8.459612588606933770e+00
1.778490382475671927e+00
9.745816715152493259e+00
8.546666659886016149e+00
-2.272130209295997183e+00
-5.717287110086383350e+00
3.524280386894629302e-01
-5.760610601960949317e+00
9.575832191459928922e+00
-2.915455363420919266e+00
-7.466113299699792094e+00
-3.052847776283788228e+00
5.679088537542511972e+00
4.529065921543641848e-01
-6.455195925089152631e+00
-2.357679677514596950e+00
-8.553403824911665509e+00
4.047017971396336122e+00
9.576639725982150964e+00
-1.034456643820431676e+00
6.582651071500754014e+00
9.361053534160078016e+00
-4.322345466078016507e+00
-4.977348787719736656e+00
3.404805611110702124e+00
-7.844196028781262875e+00
9.214572699770110731e+00
8.220184265019859993e+00
8.682151874384262058e+00
-5.083661874951129533e+00
-1.213862078975715741e+00
-2.990131414320325476e+00
-7.707934045360822495e+00
3.029598346388473473e+00
5.186987446913866151e+00
-7.613453645230875644e+00
-8.723656378501160047e-02
-1.266493532985739856e+00
-2.065170635748012185e+00
-3.415363110701539195e+00
6.233475544961272874e+00
-2.683838128902882758e+00
8.183790289206456237e+00
1.061540102405867048e+00
