6.873987702129527477e+00
-8.571029466432555921e+00
-1.698949803450666707e-01
-2.664584735940366489e+00
4.173895121148853526e+00
-7.502736040640718862e+00
7.619895181962215602e+00
-1.476378707680324309e+00
7.164998505613882074e+00
1.000000000000000000e+01
3.661543304234346596e+00
6.938896487722026052e+00
-1.142849980875650928e+00
-4.401519789116894898e+00
-8.212237261422005830e+00
-7.731724973683325786e+00
6.194480143698132935e+00
-6.587309832680848132e+00
7.874499791159388806e+00
-6.983224462770491137e+00
5.862326493771389480e+00
-6.355599431428776924e+00
-3.587482116921140829e+00
-1.470793522371037332e+00
-6.200454527920086889e+00
5.528496719156250627e+00
3.492428328469268983e+00
-2.577624313841869963e+00
2.146186130360110411e-01
6.961501113488211878e+00
7.792785010070309326e+00
-1.779864708164481391e+00
9.915787503437334394e-01
9.395124948920654973e+00
-7.863975627220941789e+00
8.321912769935508436e+00
8.234994507937525299e-01
5.596382932405277177e-01
5.890913303331885231e+00
-9.682950399169927280e+00
9.782139233085942465e+00
-5.049067305273672979e+00
-4.037289072724663086e+00
8.093974380158551085e+00
-5.798572903388982125e-02
-8.091187002017953489e+00
3.730347987069083437e+00
2.813694224223800333e+00
-6.399912640798591568e+00
5.300523906554183151e-01
-8.038215182408126935e+00
7.132454614057258446e+00
3.700809463746192129e+00
-8.299200974439596479e+00
3.422498982568086490e+00
-8.599052204170721581e+00
9.504637974236299414e+00
7.939882276746538459e+00
-8.175935036864451888e+00
-8.914194655268603995e+00
-5.973114962072049394e+00
-2.102380869811709907e+00
-7.631789464076138785e+00
-2.512136645240556021e+00
-6.947058494277219332e+00
2.552090972032392546e-01
-9.160637468115409021e+00
-5.571558883740173052e+00
-8.403990719168977108e+00
3.471186665728596132e+00
2.639441274116539393e+00
-8.360058846579443426e+00
9.346429106259387609e+00
-8.638595874603431923e+00
-6.665527596869463167e+00
-7.827780647957075288e+00
7.048697055879025175e-01
1.000000000000000000e+01
-6.998782271425238122e+00
5.896593206754348948e+00
6.131077770805475780e+00
-2.155536215730458061e+00
3.280487252338000204e+00
-9.620047504133732996e-01
1.051220747639426190e+00
-3.576130365979549808e+00
-9.804071683744902899e+00
1.504191443519757865e+00
2.599131444446840522e+00
-4.451110654136163802e+00
-6.869157377091605898e-01
-6.571821919264369427e+00
1.487355689011274462e+00
-4.026373584368838188e+00
-5.320032126535779504e+00
-1.088345289219987633e+00
5.014765022647644344e+00
1.704190729523076930e+00
-5.597500401097685874e+00
9.414237070788180617e+00
1.039981707181186321e+00
5.919563370162279625e+00
4.936523343849372303e+00
-8.842370658025325625e+00
-9.657037961090329858e+00
3.406641119146547325e-02
5.823012510576125678e+00
6.766845763348316112e+00
-2.077468425640806693e+00
-4.185044400746305016e+00
-8.920491631718579839e+00
1.000000000000000000e+01
-7.314354517050730031e+00
-5.043635812672262908e+00
-6.652026584592911629e-01
-2.624454705386789044e+00
6.318997918881414932e+00
2.907202590014179577e-02
-8.135839617203988183e+00
-6.327041744005732937e+00
4.908099960114344462e+00
-2.321053518865206833e+00
-8.197994925555624590e+00
4.007623876467512503e+00
-6.079300770706442592e+00
-1.354264246839448349e+00
4.215005129688960572e+00
1.172805177077766103e+00
4.339480483861048454e-01
-4.893112517844757647e+00
7.290802868213217103e+00
3.946711861108442854e+00
8.000284418060623182e+00
2.282485554919527537e+00
-7.018871010401235289e+00
-3.323366458104622945e-01
5.943373119480884093e+00
-8.249747363354124730e+00
1.047801714004114260e+00
-4.569919888315764567e+00
9.516274739507293745e+00
-8.938172752224788908e-01
4.299976225875831837e+00
-5.729236889661981635e-03
-8.567453578434767181e+00
-1.771968505534897487e+00
-4.652625067200903075e+00
1.000000000000000000e+01
-7.719814374837134174e+00
8.933718607771577780e+00
7.881868806262799509e-01
8.937676195207236773e+00
-7.202126958593645156e+00
8.108549474707582583e-01
8.559639663473332050e+00
2.855116758272616906e+00
6.899591338283515007e+00
3.271789998720072923e+00
2.589715793361386353e+00
-2.377954591705139009e+00
-5.102752191223475897e+00
-7.820588980271169000e+00
-7.827482488880495914e+00
3.756942188701055674e+00
-5.779411685017948663e+00
4.651938722543738081e+00
-3.244879108865702522e-01
2.509326815561824908e+00
6.505815171757256543e+00
-3.886903752606888585e+00
9.630239539733942422e-01
8.498235740332887644e+00
6.890883394191479105e+00
1.000000000000000000e+01
6.292852366811738207e+00
9.015402090160437254e+00
1.000000000000000000e+01
-5.147231886174123083e+00
-7.078475259169203504e+00
-5.890085203621030274e+00
1.817151990216729018e+00
-9.988466608194585206e+00
-1.472272792234054828e+00
1.124886800205883164e+00
5.867258535999599900e+00
4.842608923772965923e+00
-5.042766598505452613e+00
-5.351346093371987855e+00
-1.389276433333096250e+00
4.940287586148586207e+00
7.724513502983250124e-01
-4.070033692573712614e+00
-8.644484775810324706e+00
7.608083462852556877e+00
8.652021354756337601e+00
-8.808219692573898030e+00
7.055745219730754414e+00
-5.028633109829161008e+00
6.596372386609662408e-01
-7.242768222544813561e+00
5.794521307671080201e+00
3.060991764772773571e-01
1.000000000000000000e+01
-3.077670344912816436e+00
-7.039837227699252686e+00
-1.503171536621151994e+00
3.296959887426472058e+00
9.348103111565492895e+00
-4.794749269034226380e+00
-6.919664825962623667e+00
-3.456064365862648202e+00
3.632322867706145431e+00
7.985037979982597456e+00
-6.815812346320800685e+00
5.674917555605641262e+00
-4.530626022682458398e+00
-1.904147378982887773e+00
-3.925089734942051489e+00
-1.003898576271658349e+00
-1.000000000000000000e+01
-1.303074805897088684e+00
3.365246844498054335e-01
5.806991488233600229e+00
-4.820234987900872348e+00
2.034251083066753285e+00
-3.721846245553040777e+00
-8.621761548822455268e+00
-6.093508753287720126e+00
2.987033842620229862e+00
3.298778009144215595e+00
-2.628441359326521454e+00
-4.390906457939711238e+00
9.839197941594145291e+00
2.584128165635084962e+00
1.000000000000000000e+01
-3.529895069681021624e+00
-3.287007656907074971e+00
-5.017863740640992276e+00
3.112942109430743898e+00
4.704757023566076057e+00
-7.222386459689134064e+00
1.000000000000000000e+01
-6.027998350766973212e-01
2.821890941410625797e-01
8.990467392496748644e+00
-7.456244139076551036e+00
-7.229606137038084412e+00
1.989400861247133445e+00
3.015807718242471847e+00
3.683600422552769871e+00
-1.368244131031462807e+00
-4.051471661533446067e+00
5.565940094386640169e+00
7.110579681938801855e+00
4.903894656256333029e+00
1.414850466725022571e+00
5.021792039351169024e+00
-1.068036244452118311e+00
5.629859917572792583e-01
-8.227673839895784269e+00
1.092964829175611108e+00
1.000000000000000000e+01
8.586867339973167645e+00
7.445631577127758138e-01
-3.792452774116814584e+00
