
 gen | best | mean | std
 GENERATION 0 | 66.752976 | -0.737761 | 11.940233
 GENERATION 1 | 66.752976 | 2.795404 | 13.732911
 GENERATION 2 | 66.752976 | 9.641332 | 15.064946
 GENERATION 3 | 66.752976 | 17.688826 | 15.319179
 GENERATION 4 | 66.752976 | 22.289625 | 16.313661
 GENERATION 5 | 66.752976 | 24.484895 | 16.224668
 GENERATION 6 | 75.711733 | 25.535444 | 16.696984
 GENERATION 7 | 94.023266 | 30.481858 | 22.320031
 GENERATION 8 | 94.023266 | 31.133132 | 22.656979
 GENERATION 9 | 94.023266 | 33.904242 | 22.96001
 GENERATION 10 | 94.023266 | 40.054049 | 23.233542
 GENERATION 11 | 94.023266 | 42.836066 | 22.206073
 GENERATION 12 | 94.023266 | 46.894154 | 21.306709
 GENERATION 13 | 94.023266 | 51.826187 | 20.312224
 purge
 GENERATION 14 | 94.023266 | 50.721389 | 27.583919
 GENERATION 15 | 94.023266 | 56.581854 | 20.571415
 GENERATION 16 | 94.023266 | 56.522385 | 19.811072
 GENERATION 17 | 94.023266 | 54.517399 | 19.371951
 GENERATION 18 | 94.023266 | 59.845039 | 15.396464
 GENERATION 19 | 94.023266 | 59.949038 | 16.452648
 GENERATION 20 | 94.023266 | 60.335574 | 17.534461
 purge
 GENERATION 21 | 94.023266 | 52.280318 | 26.614608
 GENERATION 22 | 94.023266 | 61.574177 | 15.460514
 GENERATION 23 | 94.023266 | 62.387212 | 14.675732
 GENERATION 24 | 94.023266 | 64.011211 | 13.161477
 GENERATION 25 | 94.023266 | 66.244174 | 6.101408
 GENERATION 26 | 94.023266 | 65.616313 | 8.133002
 GENERATION 27 | 94.023266 | 65.259391 | 10.131933
 purge
 GENERATION 28 | 94.023266 | 52.542448 | 27.731478
 GENERATION 29 | 94.023266 | 60.65934 | 16.911546
 GENERATION 30 | 94.023266 | 63.905297 | 12.151046
 GENERATION 31 | 94.023266 | 64.526344 | 10.887775
 GENERATION 32 | 94.023266 | 63.541066 | 12.599217
 GENERATION 33 | 94.023266 | 65.613646 | 8.13567
 GENERATION 34 | 94.023266 | 64.084847 | 11.522128
 purge
 GENERATION 35 | 94.023266 | 53.40922 | 26.179139
 GENERATION 36 | 94.023266 | 64.52229 | 11.445276
 GENERATION 37 | 94.023266 | 64.805539 | 11.376269
 GENERATION 38 | 94.023266 | 64.25567 | 11.88044
 GENERATION 39 | 94.023266 | 63.186348 | 13.399913
 GENERATION 40 | 94.023266 | 63.014218 | 13.989502
 GENERATION 41 | 94.023266 | 66.165864 | 9.052199
 purge
 GENERATION 42 | 94.023266 | 55.136279 | 24.503351
 GENERATION 43 | 94.023266 | 63.629397 | 12.812201
 GENERATION 44 | 94.023266 | 62.108463 | 15.658116
 GENERATION 45 | 94.023266 | 64.541311 | 12.129641
 GENERATION 46 | 94.023266 | 64.092288 | 12.866925
 GENERATION 47 | 94.023266 | 65.535836 | 10.03853
 GENERATION 48 | 94.023266 | 65.626433 | 10.275285
 purge
 GENERATION 49 | 94.023266 | 53.01882 | 27.795495