5.723729548346179641e+00
-2.335114801849048849e+00
-5.697607261817307922e+00
-5.676266972608809525e+00
7.533623147056340841e+00
-5.908334432957134119e+00
6.760492607200936810e+00
6.745206287582629301e+00
-6.952559538341848366e+00
2.234293075723510213e+00
1.000000000000000000e+01
6.410869313297441252e+00
1.437982027427409992e+00
5.213733526308076627e+00
7.895001422650403278e+00
6.544696933209593892e-01
-8.155923440760281196e+00
9.783656618769704494e+00
-2.826127397990315870e+00
-1.239403709756883742e+00
-9.199631928799316682e+00
-1.336298496919350320e+00
-3.547953658664092735e+00
2.126138387026196952e+00
-6.745000678348846535e+00
3.068105085442902613e+00
4.237658341378008231e+00
5.371091247599293794e+00
9.996241185353472503e+00
6.308703683614761415e-01
2.893812398352154092e-01
-1.404837998721554904e+00
-2.266406964632541321e+00
-4.762787258435479565e+00
-9.362401288076293682e+00
-2.621488556443805962e+00
6.189418778053848991e-01
9.205022129020239419e+00
8.546051431824512434e+00
-4.469684536638006911e+00
3.190094916729095398e-01
1.449004637105983484e+00
3.624807052536894503e+00
-6.751742231245495773e+00
7.584534816431467874e+00
-1.619694969661891193e+00
-6.260850743744188485e+00
-1.008583600666062230e+00
9.938543474829913293e+00
3.894615185176216965e+00
5.964461918760979309e+00
-5.334029967420844898e+00
-1.407421369218274876e+00
-8.869295686378661614e+00
-5.359623760166023487e+00
9.956685440068062665e-01
-3.910580145370232685e+00
-4.698563999053625651e+00
3.187814531688638819e+00
2.196327319140630063e+00
6.362698829206269835e+00
6.806308543503483577e+00
-6.716586138150899998e+00
-2.887421592728327546e+00
-3.513528649812875937e+00
-8.494991378808101956e+00
8.738820178533124761e+00
-1.837492757198607718e+00
1.699611819380878242e+00
3.413624266577532484e+00
8.173659557167347600e+00
3.918462258807046350e+00
5.489881029831775727e-01
-8.191510452123609287e-01
6.775701696642633109e+00
2.609997421050441080e+00
-1.972900323227122499e+00
-5.498420424043445109e+00
1.094963687121644380e+00
9.208144689252938164e+00
1.450398030577859876e+00
5.033761277991390060e+00
-1.033294510053253124e+00
-5.850663323675058258e+00
-1.844972725355656040e+00
7.485920917616495363e-01
-9.358519437913741967e+00
-7.967126130112043292e+00
2.925579421749396225e+00
-4.168314311209196710e+00
8.402510987881814941e+00
7.874511742806701520e+00
-4.605443836386812428e+00
-8.208932674757731807e-01
4.852795508179033490e+00
-5.299788961039221036e+00
-2.134986575826182786e+00
4.732119214351320657e+00
6.819331594964879173e+00
-8.535094174084767005e+00
-8.360828631831619617e+00
1.000000000000000000e+01
-3.259921817835631064e+00
4.210275678873222738e+00
3.546292793129343313e+00
-7.986283686657766445e+00
-4.229273507640321839e+00
1.851541207357260799e+00
3.857447776412767038e+00
7.853829728582295111e+00
-5.601305348927462013e+00
-3.818111864516677834e+00
2.285568668678537030e+00
-5.221448929624366464e+00
5.539031039219554309e+00
-3.576768009038666207e+00
-4.346198357499568843e+00
1.000000000000000000e+01
1.275100449617543319e+00
-4.954503925163944444e+00
9.452781515908803556e+00
-1.775233098665468967e+00
-4.550981324482829216e+00
1.000000000000000000e+01
9.564586236521554596e+00
8.909446166962633029e+00
3.997576991065038055e+00
-2.231077411855435955e+00
6.586253131939458605e+00
7.105702046584632114e-01
7.194028420293959947e+00
-6.064428615416233903e+00
1.000000000000000000e+01
-5.440882686549541880e-02
5.287947195887085172e+00
8.781335649375543895e+00
-3.347210203812604590e+00
-1.776213560227754229e+00
1.726851771686954695e+00
3.625312027728837982e+00
8.463661235918383596e+00
-9.358016006463842906e-01
8.342723520227792733e-01
3.847685472389084982e+00
-4.624053706070849756e+00
-7.963760178498926479e+00
1.414490303946589034e+00
8.945892497752154782e+00
4.574057556021508653e+00
7.900936380579977047e+00
-9.687455439872682206e+00
2.413116661370899863e+00
9.149928461689325943e+00
-1.325465828616279484e+00
-7.251495772786291205e+00
-7.806434039165061733e+00
-5.315218950659933661e+00
9.069307470817497219e+00
1.302285369078691302e+00
8.711347820270875175e+00
7.732971509371698637e+00
1.473473825506955714e+00
-8.771931808121031793e+00
-7.244848990915063069e+00
-5.678186085677499051e+00
7.877643356927125140e+00
4.361312291358163229e+00
5.260231461752438165e+00
8.878026506185992872e+00
2.950538745847534727e+00
9.684426136225825488e+00
1.000000000000000000e+01
1.025852648651322252e-02
-2.943731758430390588e+00
1.124569520644798926e-01
7.362321828034821714e+00
-7.906765873026605718e+00
3.374981779967181961e+00
-6.716492885361885712e+00
-1.423776625472038315e+00
-3.750845886153353792e+00
-2.815235222092969281e+00
-1.907459065512718599e+00
3.173307924469273011e+00
9.811641035743477346e+00
-5.569029559574641963e-01
-9.119547757357908679e+00
4.734292750731269095e+00
-3.500030780650672302e+00
7.268960759496903457e+00
6.915076041486700298e+00
3.180254102861546972e+00
-6.967280706612739571e-01
-5.220840690764911862e+00
1.287761266945953720e+00
2.558333659993079046e+00
-3.941101277227740951e+00
9.095395125516672508e+00
3.272264814282351608e+00
-3.672930482367006144e-01
4.013848765231096571e+00
4.149834920107750236e+00
-7.439946506164217155e+00
5.711657284920512723e+00
-9.148905450623146862e+00
-4.320320778026590425e+00
-9.850844488147867395e+00
7.322514473006488167e+00
5.255103265963350978e+00
-8.855138125284584660e+00
-8.860204054942336427e+00
-3.284743845850833788e-01
9.608301628365744307e+00
-1.746503833832219854e+00
-7.501286477050948420e+00
3.674534794707125407e+00
-8.605288797323659145e-01
1.421392314930768119e+00
1.000000000000000000e+01
8.640587237692461287e+00
-5.683605806961447016e+00
-6.271276253431826042e+00
2.415833797484375101e+00
1.779107793039313545e+00
-1.816724544305894806e+00
8.592978428613523789e+00
-7.678214638316428697e+00
-8.736972182912015938e+00
-3.763325735677216066e+00
1.136151161955341937e+00
-4.343828597693294213e+00
9.226395069384317082e+00
-6.398713749329349554e+00
-9.977238375306813012e+00
1.612433685571565523e+00
-7.942014174549177907e-02
-8.162639908926557553e+00
6.821899767076886612e+00
-1.392774868021120938e+00
-5.463865623545322014e-01
-8.471630138624092199e-01
1.760496142270508990e+00
9.034489600065795933e-01
-2.740335070147399854e+00
4.536173413089956696e+00
4.396390805723846995e+00
3.603384177380701381e+00
-4.518988324533708578e+00
3.241233319266695112e+00
-7.139013091401581690e+00
-9.223411367935986149e+00
1.000000000000000000e+01
-1.979506313877098300e+00
1.503713312317180417e+00
-1.950730538453224194e-01
-3.745917277880778773e+00
6.470813714085941193e+00
6.673532917210081905e+00
1.000000000000000000e+01
1.000000000000000000e+01
-1.839249682167539257e+00
-4.251677373873330446e+00
2.062853164427063568e+00
2.918232298459980889e+00
-7.035438401159294308e+00
