7.114539809055537845e+00
9.842199714035251290e+00
-4.933381382401974768e+00
-6.311750324769726639e+00
-5.258007911624083874e+00
-5.905139357867950523e+00
-1.627998732694221795e+00
-9.245453098709955242e+00
-8.968960934285622244e+00
-3.635784176283520353e+00
-5.898446028738386637e+00
-7.387308504620312632e+00
-7.751492659010108532e+00
-1.329800264012351296e-01
8.904952756377031875e+00
-6.199317765604339669e+00
7.868470536628234813e-01
-3.143784777646624562e+00
1.837499245532032255e+00
8.332129539957017883e+00
9.214361776658986258e+00
1.000000000000000000e+01
-7.290343622173028670e+00
-2.612437650129087352e+00
9.884437632724162981e+00
-8.911241349430325087e+00
-7.690730447501992195e+00
-5.670480494823022077e+00
2.309251776169769066e+00
6.883910909821508994e+00
7.279821484003714538e+00
-5.837068853972075644e+00
3.571229608176696324e+00
-3.496421180959418340e+00
8.072589491463551425e+00
-5.154522869528272544e+00
5.827914433125156002e+00
1.426293582789027958e+00
-1.800135535680597032e+00
7.494658150899844440e-01
-4.593288473202042255e+00
8.488006271558642624e+00
-4.000496444145471564e+00
7.067465589048595120e+00
8.855546639896470396e+00
9.939975362374720902e+00
-6.378824447686432642e+00
2.420469178890698458e+00
-3.192269496269898976e+00
1.061426237393274574e+00
6.317187661565920820e+00
3.941999498578967032e+00
1.718836051335729920e+00
9.115630264068702360e+00
3.690184432834685557e-01
-6.280573034189386838e+00
4.319980277918913814e+00
-6.861690474890083102e+00
5.387698644553943872e+00
-5.046232592871819911e+00
9.345559020785538351e+00
-9.832170701053291051e-01
-3.969005367536936113e+00
2.344152521960257030e+00
-6.136272326310249881e+00
7.896761080665224419e+00
6.727419140316389878e+00
-1.359789473530171877e-01
-8.054610769866771491e+00
3.003025008663639639e+00
-2.764609236428420935e+00
7.450274952035949028e+00
2.039427448688723166e-01
-4.024192613267062235e+00
-3.152657933506559207e+00
5.976172099230043777e+00
5.853151467394751784e+00
4.756317563903771806e+00
-9.785002399275178675e+00
4.697646199739724970e+00
3.466794526510466490e+00
9.786409597568990648e+00
1.218545994855777970e+00
8.441285855502158597e+00
-6.137508262063443576e-01
8.664074131048199234e+00
-6.371379827921171746e+00
6.575182505892118279e+00
8.366959042724264606e+00
-6.366624744738801134e+00
-2.531515463885209094e+00
-7.322991986877576132e-01
2.264019473715634057e+00
4.859227006281468420e+00
-2.050425185669131789e+00
-6.317572058185902506e+00
-5.018427135895224822e+00
6.144270859717973821e+00
-4.150905971064366984e-01
3.314158345255503235e+00
5.155378755732562546e+00
-7.085651349576050251e+00
-3.966959297178028976e+00
-8.376727728840196008e+00
1.794356497875385426e+00
2.193054903027492397e+00
-4.189463687613250720e+00
-7.459560692595509579e+00
2.089103172423223409e+00
-3.150027032935978077e-01
8.237899240314717986e+00
-3.702105261187062180e+00
-8.276613031719406877e+00
2.084681543303832374e+00
-5.117860649046980015e+00
-2.305463484056803125e+00
-6.060320366468712194e+00
2.724483265743077531e+00
9.109672676177813955e+00
5.731091003314429777e+00
1.220548422117423870e+00
-6.204904249617834822e+00
1.000000000000000000e+01
-1.003995656161457140e-01
9.902683314528566427e+00
-1.864818920731161400e+00
9.424823058242505880e+00
2.599707726690083098e-01
8.269847092676592126e+00
-5.878211905827723793e-02
-6.953194149975844951e+00
5.301088752182780084e+00
-7.935700870561114506e+00
3.206828864295327985e+00
2.122601893617471536e+00
1.000000000000000000e+01
8.327128396736000582e+00
2.984295407759511853e+00
-8.434960248964959106e+00
-5.680799903157505604e+00
4.045168816914864962e+00
9.364984633246240975e+00
3.110465105057332647e+00
1.013550016562528633e+00
7.704831198251162583e+00
-2.861831247254148725e+00
7.973792821705471212e+00
9.654725291775326568e+00
3.374055254151199446e+00
-2.563491158765248912e+00
-3.981171861268009149e+00
6.388533551784862929e-01
-4.254803928552563619e+00
7.026230537241367813e+00
-5.494783569103818266e+00
5.261683574127904883e+00
1.469865738530399035e+00
1.262017923068621261e+00
-2.050584360840099762e+00
-5.180590602586994109e+00
8.720050967357611427e+00
-7.002513458222537679e+00
-2.167685050099701360e+00
3.062430905918716473e+00
-5.213959316770294450e+00
5.233826324984280909e-01
1.000000000000000000e+01
-7.042635469595721176e+00
3.844480710271872770e+00
4.880388031300153528e+00
7.445450751123372513e+00
7.776364655033688456e-01
6.373183002889104998e+00
8.634929100607196872e+00
-4.120405016232728812e+00
-2.077428971158299831e+00
6.951560411106383341e+00
4.267019589335712126e+00
-1.025854567634546299e+00
-3.734166868498215219e+00
9.761048558946184173e+00
-9.552811796289706336e+00
-7.230050689096190197e+00
3.426514491135383422e-01
-3.598187737064445724e+00
-4.930225526281172499e+00
-7.016008322409147624e+00
-7.365358032068767713e+00
-1.842112164974461175e+00
1.414496923657968086e+00
2.494751603536886186e+00
1.032958036309350014e+00
-1.449546864720357764e+00
-3.949194387115524396e+00
9.439979494458359710e+00
-4.657722667765689550e+00
-7.327247643892132345e+00
2.941058714230734505e+00
1.000000000000000000e+01
-6.548375038463476905e+00
-3.103590546952541107e+00
1.000000000000000000e+01
4.404848565183645093e+00
-2.052752301081303798e+00
6.782821036368134493e+00
1.000000000000000000e+01
-3.937859757363185942e+00
-6.818316395908823324e+00
5.052319784355725041e+00
9.469856124378722484e+00
-6.081824688413250968e+00
-7.978410956066491089e+00
-1.219993325233971637e+00
8.850972699536518107e+00
6.036540581474425515e-02
3.512575312794091076e+00
6.677129729602942376e+00
-8.687424800316108087e-01
9.873753018456881136e+00
5.456193037019048120e+00
-3.964427732314709463e+00
-2.318521969604075306e+00
9.373556748892852397e+00
3.994176856345470039e+00
3.930450197672671564e+00
-3.785918534560321014e+00
-4.008221411171920323e+00
-9.614265382475030819e+00
8.343731306822053995e+00
-6.464078552772026143e+00
2.732000268795307552e+00
7.990485731188980090e+00
-1.379053065819776158e+00
2.139806441796056724e+00
-4.233218407955541274e-03
5.900795416766650092e+00
2.290788285851871997e+00
1.156600609361155829e+00
1.000000000000000000e+01
6.258749500177520630e+00
-9.825976813750163519e-01
9.727893069676147420e+00
-5.039440422289636068e+00
-4.277868197115355375e-01
-3.213879289401977424e+00
8.152267632924393936e+00
-6.238714231438617475e+00
-8.952489374473964645e+00
9.489751464380489665e+00
-3.610784334805378748e+00
3.800286977038322966e+00
7.931613164668789295e+00
3.429179326222855373e+00
5.996967217984964016e+00
1.216649709217484387e+00
-7.535469461494258780e+00
1.114309006463489293e+00
1.436656647686245902e+00
7.692657680472599679e+00
7.504889847126127833e+00
-6.942345979846312964e+00
8.588889282782272705e-01
-3.966943874949500959e+00
1.966443739015489633e+00
-6.188384175038865287e+00
