-3.366210489954182705e+00
5.077341262887135720e+00
8.444418707623860598e+00
6.163086098046608008e+00
-6.109331100157020522e+00
1.000000000000000000e+01
-9.692836867231882536e+00
-7.014106251171459583e+00
1.000000000000000000e+01
1.620069249360863717e+00
2.274346279544941396e+00
4.384459775099305845e-01
4.381360520910642542e+00
8.269857328674483199e+00
-1.000000000000000000e+01
-9.306066303494723968e+00
-3.263573992662966106e+00
-8.022432296897585857e+00
1.444763118130738988e+00
7.184632511983479297e+00
-3.859542484767865211e+00
8.914205793381183796e+00
1.000000000000000000e+01
-2.488709414532221942e+00
-4.371084951894387283e-01
-3.390143748533462897e+00
5.764299731653993675e+00
-3.459664861796405422e+00
-7.485827718750284632e+00
-9.593529336327330626e+00
2.091658449930166697e+00
-7.153740262411613315e+00
1.424739666227744728e+00
-6.286907014562349794e+00
-4.242544455580802953e+00
-3.359443305794775902e+00
3.815003755485363968e+00
-8.755974158074318225e+00
-8.947592591631751802e+00
-6.572597938739658252e-01
-8.121578025840886284e+00
-5.402725224664195469e-01
3.513926676216453160e+00
-2.929946304881384300e+00
-6.244521522120165535e+00
-5.788862270745578797e+00
-1.686006075074217847e+00
3.142372304765564284e+00
-8.672221328125907291e+00
-9.340956869260134354e+00
5.260778058866770746e-01
-5.634658453047663329e+00
7.595587701845057715e+00
-3.562992071978531516e+00
-8.645600636242589232e+00
6.014093339288543838e+00
6.743473922239427765e+00
-9.212165291966078584e+00
7.029146811079781898e+00
6.467273249998362061e+00
5.195570361086941702e+00
3.481569975838206599e+00
-5.253851484039847364e+00
3.064454517065632988e+00
9.538378909783528314e+00
6.582473717954009373e+00
-6.316089003058552365e+00
-9.723018273095584973e-01
4.146975150229120111e+00
6.934893018072352255e+00
-4.468560036447929207e+00
5.524906305115525385e+00
1.789966507211843361e+00
8.815995796668904205e+00
7.541039589321369085e+00
7.454557588173370775e+00
8.480709723264050481e+00
-4.354431484991582835e+00
-1.275648335893012630e-01
-7.035916196725727545e+00
5.876836837700004423e+00
-6.827993517048903449e+00
7.265412025238344285e+00
-7.115396400258862997e+00
4.867372938777079661e+00
3.481093549225300343e+00
8.594445240811570130e+00
5.918758820637082252e-03
-7.645923717312877343e+00
-4.365911531048302763e+00
2.813149426868419845e+00
-6.442930872361617212e+00
-1.821112379352767041e+00
3.031894969559389530e+00
7.183566682349292520e+00
1.673913467392485366e+00
9.330012157981663279e+00
9.154031414404114386e+00
-1.357055737261763761e+00
-1.482865079169534805e+00
-8.322193635104241594e+00
1.000000000000000000e+01
6.807213880479447532e+00
-2.490469561042667479e+00
5.711552558140446934e+00
7.579038589376995816e+00
9.534587605328331605e+00
9.064653640590497830e+00
-5.819670872186044619e+00
8.268002944143182376e+00
4.685789856633165051e+00
4.998577135909456182e+00
-1.840071532178733316e+00
-4.096774775500333199e+00
1.000000000000000000e+01
3.298172194125419843e+00
1.000000000000000000e+01
2.066252026238234230e+00
8.211941276398309952e+00
6.374990976448485780e-01
6.611276886177462231e+00
-5.364012768148411769e-01
-3.111028471322403011e+00
6.661161660820869912e+00
-2.190380973817684929e+00
-5.770004867227982892e+00
-6.390008950156558676e+00
-1.179632654988571616e+00
1.751891384766400606e+00
6.742622235168336253e+00
9.711758540623026903e+00
-2.642337268684134433e+00
-3.163613306589221796e+00
-2.828929068070331176e+00
1.352772781018628301e+00
-1.381477940724181508e+00
7.703630468753438265e+00
-2.197532084715541512e+00
-4.315308416814517933e+00
-2.856186881931472854e+00
-1.910867358188348186e+00
2.963541548153554306e+00
-4.871433392728240497e-01
-8.885332317161459770e+00
-1.986343629005927092e+00
-8.091571738994897345e+00
-2.087216920815604837e+00
3.701123312833120571e-01
-2.023599167323236081e+00
-9.435450281356755342e-01
-6.534910039188003950e+00
-2.267495088723611385e+00
-1.000000000000000000e+01
5.949576759817754024e+00
9.779107355340970642e+00
1.000000000000000000e+01
1.000000000000000000e+01
-2.008235841181045700e+00
-3.377742168546787216e+00
-4.777348949720226834e+00
-2.473407297607108646e+00
-3.315822461183195902e+00
6.488411901273232196e-01
1.000000000000000000e+01
4.008665791755690044e+00
-3.857710265696697505e+00
-4.302220145664462869e+00
2.427342228575309679e+00
8.103337973587674270e+00
7.325246170216147767e+00
1.403156544828779051e+00
-3.777792737299197512e+00
4.765922516230589601e+00
3.422481059713252449e+00
2.688853654166952989e+00
-7.332275455775847384e+00
-9.144646273209970033e+00
7.491934711697499694e+00
1.000000000000000000e+01
9.243202511443916691e+00
-1.680010131522852168e+00
9.802244631108372630e+00
6.164134755296638346e+00
1.264793538717516430e+00
-7.067465789849608271e+00
3.682547336310558528e+00
2.619529942503660447e+00
4.988441456061584844e+00
9.940084539579526535e+00
-2.406066184097999106e-01
3.867618739455805699e+00
-5.248675113417967664e-01
6.578845200983615804e+00
1.754883984631362637e+00
9.837675445992536183e+00
4.983284062423940952e+00
3.666619379831174141e-01
-6.869815878660357811e+00
8.283179699226511872e+00
1.655821307782122442e+00
1.435974852457982953e-01
-6.599151364041455636e+00
-4.575580904444941588e+00
-5.197881241436629551e+00
-5.127315837180059788e+00
-9.550872490757642552e-01
-9.442635513009467463e-01
4.967471796406539575e+00
3.254145307423708555e+00
-3.532103137237658785e-01
-7.082139474145130009e+00
-5.694234108842259445e+00
5.792978687473971711e+00
-7.395681672777262072e+00
-1.099568220438735588e+00
-9.026613402067629188e-02
-3.503635837396537056e+00
6.981444613560445767e+00
-1.552209143400591129e+00
-1.183135028876315387e+00
1.216397486376223025e+00
6.922320481515316537e+00
-6.886665609526482434e+00
-3.760231539297934855e+00
5.495132698950769168e+00
2.515518034696118566e+00
8.089046447091767789e-01
1.812472578736761708e+00
-5.715061301338976385e+00
8.537937491915778665e+00
-1.783523720742622887e+00
-7.023427508286937737e+00
1.000000000000000000e+01
-8.627155940290174740e+00
5.365057106986651725e+00
5.838797209535722565e+00
5.369131329261001007e+00
7.466057871345855190e+00
1.000000000000000000e+01
-4.760985628104864809e+00
-3.731231755922396198e-01
-2.973177938174154100e+00
1.000000000000000000e+01
-2.793762926619813403e+00
5.123590606112389700e+00
6.478270437395704517e-01
-2.760171291494389223e+00
-6.015456491033236652e+00
8.601376739445969477e+00
-1.632616852053150103e+00
2.068392082246247821e+00
2.155658966586791458e-01
7.166149241298856332e+00
-7.292572875843612579e+00
2.859528855948711534e+00
-2.588861043552702412e+00
-1.993750288368536960e+00
-7.197606145781658249e+00
2.207430040152674522e+00
-3.050034783630203084e+00
-4.434017573685975933e+00
8.691643346519729363e+00
-8.970806001171532928e-02
1.000000000000000000e+01
2.414433810083673748e+00
