8.450486326197916842e-01
2.947308678700042428e+00
8.204940735669762120e+00
-6.498771364635415715e+00
3.885529820540992940e+00
7.634928252236582225e+00
5.751030587134678740e+00
4.014439416860496657e+00
7.196929807655362055e+00
9.905132447063161649e+00
4.128050037058718758e+00
-2.092794358120619869e+00
-2.140629927191125770e+00
8.567892795594877597e+00
-4.296456010344056331e+00
-2.943702784292366648e+00
-8.518855726349800150e+00
-7.313032524486343888e+00
-2.248778447285854076e-01
1.000000000000000000e+01
-6.191752494153976549e+00
9.585009802070013407e+00
5.537447524871705884e-01
3.275803341149749137e+00
-9.625479079789560188e+00
2.833588091919936769e+00
-8.694742427528689976e-01
1.249036376498262157e+00
-4.736583339856053065e+00
-2.445199203750451300e+00
-6.908022974375061409e+00
-3.649004748452320701e+00
-8.005714058450482895e+00
-1.692036871433916456e+00
3.776207315223781613e+00
9.338789616792020354e+00
4.470507687494532867e+00
3.927940433375070484e+00
7.807641475875618298e+00
-4.394229009279085219e+00
4.152541235508949491e+00
-6.183983366840696938e+00
-2.735813592029524788e+00
-8.391643031373563488e+00
-5.565850533174362624e+00
-6.358953660454154111e+00
1.157629909685417013e+00
5.088527132496016847e+00
7.868926618069525425e+00
1.000000000000000000e+01
1.714906991395138247e+00
8.573317119213134774e+00
-6.547914292608071563e+00
-8.541972393166167521e+00
-1.739025736561118585e+00
6.779048537408126407e+00
-2.252475091501155990e+00
2.036878158559834340e+00
-5.123273138661437187e+00
1.140234028998756699e+00
6.462401510667519222e-01
8.675540222062142703e+00
-2.602217102802104165e+00
9.295875346525704686e+00
1.377822552628604091e+00
9.244555874919365479e+00
-7.367974010339107815e-01
8.836093093710863045e+00
1.280232827709691490e+00
2.214067980084325704e+00
8.439838593924696042e+00
7.652663734239105509e+00
6.776536191414946231e+00
2.794070694326224569e+00
9.833142238477368124e+00
-9.253865030762749910e+00
-3.371644888539429452e+00
-3.484959246501349917e+00
-7.707427879860131448e-01
-6.281781065264052444e+00
7.261703021310146333e+00
8.788646872080159156e+00
1.588009620905163510e+00
2.499939120285106675e+00
3.440943935656835428e+00
-6.246504736500675392e+00
-2.025033111953271181e+00
-4.626114852036411484e+00
5.106252442353603982e+00
-4.374799793890897792e-01
-4.084804773392027855e+00
5.531139722825316518e+00
4.566374610080895735e+00
9.036580468950971223e+00
-1.707866066120803383e-01
2.978045266527618029e+00
1.000000000000000000e+01
3.473510119126440587e-01
3.237049760088539063e+00
-3.920988719847213311e+00
-4.332688506513720839e+00
7.487182402792016411e+00
-3.815206709235418270e+00
-5.649849235792431257e-02
-1.559228062982656260e+00
5.059178722599310341e+00
9.323932442155504763e-01
-9.622816133374380243e+00
3.005060344272066253e+00
-5.910976522983712123e+00
6.050402513779896019e+00
4.855672010171890207e+00
4.875151286003481133e+00
4.922185290967579618e+00
6.876366599550522984e+00
5.127590279477783675e+00
1.927035179587628599e+00
3.182106809323413277e+00
-3.720990588298029866e+00
9.273895629191594381e+00
-7.672325817235358336e+00
-4.252593695426337916e+00
4.024912939162288872e+00
-2.465438664628046173e+00
-6.673602912661424469e+00
6.200676583150313004e-01
9.072012203607195957e+00
1.000000000000000000e+01
1.319384131118241266e+00
-9.422193346229063238e+00
5.014766418340755649e+00
9.854940613994681797e+00
-7.150442006264790429e+00
1.000000000000000000e+01
-6.762519360628125309e-01
5.812152126623235660e+00
-5.614082484743615709e+00
1.000000000000000000e+01
6.505032466375277878e+00
-1.005614548619136794e+00
5.224654637127186696e+00
4.189962347725619374e+00
6.090809351976035124e+00
2.341379172873737868e+00
1.378597141538454363e+00
1.294765801975556352e+00
-4.360610518249351308e+00
5.140883014662166239e+00
-2.966742966285418337e+00
-1.769225232617315680e+00
-6.911221038570699582e-01
9.752686017404222696e+00
-9.559369860565654520e+00
-9.159873995056022622e+00
4.101415199251437826e+00
-3.567632870245062371e+00
-7.529804389282446664e+00
-5.429024179099731562e+00
-1.000000000000000000e+01
-4.152237244886920919e+00
3.549310766292661512e+00
-2.392312691674772118e+00
-6.503776110037939873e+00
9.488383727207709839e+00
-5.962755310398470066e+00
3.027624341373560846e+00
4.802795298173206717e+00
-8.540647110566283118e+00
-6.655301516382772675e+00
6.325381459797759121e+00
1.938203623728360636e+00
9.268138797288443698e+00
9.821292583336806103e+00
7.131088104221124269e+00
-6.215258243334653265e+00
6.367374501702235179e+00
1.144415784379481105e+00
8.673488719307085759e+00
-7.182681915260946681e+00
-5.157647611532464538e+00
7.881792204786629341e+00
2.717213836104505287e+00
-8.421080130081344706e+00
-4.749384683361175696e+00
5.323749661278335488e+00
1.000000000000000000e+01
-7.533273565683699324e+00
-3.723259019469510545e+00
3.938486206343205787e+00
-3.357714231540591232e+00
-9.240493042684310154e+00
2.707049701318690715e+00
4.487261108121555431e+00
7.468825318591380658e+00
4.251486065919494184e-01
9.320048288145013515e+00
1.000000000000000000e+01
2.038031744440802040e+00
-7.195483388173792072e+00
1.000000000000000000e+01
3.175081726773679724e-01
6.365057847195413565e+00
6.127586383826606031e+00
4.236440928876799461e+00
-4.185618193233745288e+00
4.888261791091066399e+00
-6.231409314990511206e+00
5.326735180297355932e+00
-6.171814190719506321e+00
4.549762588217515002e+00
-5.557924335593229515e+00
3.927397235315393864e+00
-1.519276389938152061e+00
7.414746395034264914e+00
4.156486852416163558e+00
8.778738691936073479e+00
9.788404883704751924e+00
5.561643508130970304e+00
6.683592502476829900e+00
-1.304303685009261526e-01
6.663580482820609774e+00
-3.477388656602695138e-01
7.747151203385624907e-01
7.459672129143572583e+00
2.602763321351531545e+00
1.049125852749877463e+00
1.854967254633832718e+00
9.991662798403730505e+00
4.373147998157625338e+00
9.776553423968765699e+00
-4.450653848778144628e+00
-2.112542596853368426e+00
6.264254846032492274e+00
1.000000000000000000e+01
7.897954709561286535e+00
3.879370954876675270e+00
3.950683646838041518e+00
5.837907898209715007e+00
5.394698380053608133e+00
6.900584537283243058e+00
-5.789683203540095136e+00
-2.745117645013305019e+00
9.817486561220018615e+00
9.820527743831782175e+00
2.012238797268923740e+00
-3.996751767213795326e+00
-7.001446907649605755e+00
2.635555286411214837e+00
-7.618029930998455157e+00
-1.263994270908215922e+00
-1.853901657664856817e+00
4.083350338348693320e+00
-4.599345401832341196e+00
-5.702390835005927805e+00
6.917086508376666387e+00
-6.839844372463798061e-01
8.631207007378517204e+00
-9.300588681039467787e+00
2.077198258160213751e+00
5.522831825897636548e+00
-8.117176649366397712e-01
2.818092331254503868e+00
3.606160760745325877e+00
-1.631846818758351803e-01
-5.255412414459669890e+00
