7.078691234810596811e+00
-2.835912530890130512e+00
2.482671514877377472e+00
-7.365817764055614170e+00
-1.211942099979439469e+00
4.953909564967751145e+00
1.041684058992228823e-01
1.139165758074647261e+00
9.446642852507073584e+00
-5.634410196588630626e+00
-7.691861435242422829e+00
1.593161246448516977e+00
9.353794685510468554e+00
-3.193339277900863582e+00
3.009822915509364538e+00
-5.576163399877765769e+00
8.548101611244931064e+00
5.089159044769087537e+00
1.000000000000000000e+01
3.802767386231499458e+00
-1.427316595898538432e-01
8.003928263528964138e+00
-6.293951903623582922e+00
-1.041709870541978944e+00
3.577189255949954294e+00
-7.758796311487025754e+00
-2.830491524876423970e+00
-4.769020104252944314e+00
-6.454035970685240153e-01
-4.178963015595342778e-01
-1.550171288153011417e+00
-3.150708293271779148e+00
1.000000000000000000e+01
-1.400893500758771282e+00
-3.340331069360892302e-01
-9.934453965084879545e-01
2.084953728190622968e+00
4.637324986310595420e+00
8.497610129019188108e+00
1.113863067973546395e+00
-1.534743171695621022e+00
-5.671065721437646090e+00
-1.374662645620492674e+00
-1.991814566408023568e+00
6.360366143894460755e+00
4.999777783642631590e+00
6.929522283775242819e+00
-1.976593053130898614e+00
-4.496519363668872171e-01
1.224763370901490234e+00
-5.911935825735209704e+00
4.040336537993203692e+00
3.824498551022599724e+00
4.475466886894707841e+00
-4.482021159210508365e+00
1.517360737137248616e+00
6.332494817610932358e+00
-1.183074503758250628e+00
1.665208720952382482e-02
-3.016686974380235142e+00
7.768239301260145169e+00
1.000000000000000000e+01
-1.000000000000000000e+01
6.748987109576115806e+00
6.541860685747278303e+00
9.383410431383012451e+00
6.060904195245409909e+00
-8.620595971431805893e+00
1.401277630754838466e+00
-5.451759753664668473e+00
-1.871579854800872633e+00
7.554409862154083388e-01
-1.990027655214296365e+00
4.845741468263978113e+00
-4.019210286469572679e+00
5.802556273415877541e+00
7.388047407938509892e+00
-7.595286326237509655e+00
2.869932959945262319e+00
-3.489750153525911003e+00
1.000000000000000000e+01
4.924091767967160749e+00
-5.887171843374049196e+00
-2.731742118293704058e-01
-3.728194442202521497e+00
7.927466860690531192e+00
-4.330707191567125136e+00
-4.025311869072690563e+00
1.375051831970441230e+00
-2.539205999376175527e+00
-8.589988756489347566e+00
1.978609575020085609e+00
7.663210499140529208e-01
6.363671862971812310e+00
-8.591875209931316704e+00
5.354659678097476672e+00
-1.644603171541502817e+00
2.977186192844863299e+00
-8.341095199033082608e+00
-8.757739637749059725e+00
8.446794915217045840e+00
-6.969793801031812785e-01
-2.258917030673494697e+00
-3.169016917586717774e+00
-9.091205249314057824e+00
4.323022380349645921e+00
-5.894185646683800073e+00
-2.607511961037339177e+00
-1.764969570726244275e+00
2.294716949594692412e+00
2.898035747560773423e+00
4.140809227832487061e+00
1.000000000000000000e+01
-2.302691249314504640e-01
-8.244985694417309219e+00
-7.999766670442397754e+00
9.453858591334810768e+00
4.011077790460248593e+00
8.740227425406830619e+00
4.759549365964941714e+00
-5.786354920366767018e+00
7.899504154372577247e+00
4.641984392537288784e+00
-7.393195150796325610e-01
-3.451136001513527063e+00
3.299255175160152653e+00
3.559765278615708017e-01
9.357231082029104030e+00
-3.033062666798577833e+00
-1.989563952656820511e+00
-8.037309154475169137e+00
5.741975830423164062e+00
7.201874573524620793e+00
1.673360639980762787e+00
-6.102983870143399159e+00
-1.689318311434237829e+00
9.532949800177783928e+00
1.000000000000000000e+01
-1.155871240371491915e+00
5.621537081819402815e+00
5.921445708720259660e+00
3.480143868538860374e+00
-4.828632023983967514e+00
1.981076726989350556e+00
-9.251480546711554620e-01
-8.194282152147733811e+00
6.551689326288964388e+00
-7.254253775897466783e-01
9.288461015657125230e+00
4.722078754346428764e-01
-2.102622806284131229e+00
7.760225313787008972e+00
1.209741807956211890e+00
-2.392126992561747212e+00
3.237273711553407374e+00
1.000000000000000000e+01
9.939513296154943944e+00
-3.074397281425853556e+00
6.426221858593256897e+00
-4.125438680191502172e+00
-6.653547148873636630e+00
-1.774962722717396524e+00
9.422938264041103906e+00
-3.364030652819486544e+00
-6.201630741692623516e+00
8.786212188646185695e+00
8.024124968297037697e+00
-7.953713922277322546e+00
-6.413095694359953747e-01
3.696745561396799218e+00
-4.067308979618744047e+00
1.393110838359643555e+00
1.828965322830403251e+00
6.688351007037772078e+00
-2.944609596724705014e+00
-3.847888079887050061e+00
5.296110396907997675e+00
-8.405123682012293429e+00
9.525582768280829171e+00
4.606061674865472355e+00
-8.208139810272317760e+00
6.238039155745889630e+00
9.303527460091149948e+00
-6.573618050588688533e+00
8.996129763990467154e+00
-5.557579041343970516e+00
2.259434062894526196e+00
-3.659326115118555212e+00
-1.022654903256994263e+00
6.072677884849984942e+00
4.847974967208623642e-02
5.588573499059275029e-01
4.158628252248549373e+00
3.760031875346956820e+00
5.533874932462335750e+00
-4.204880832123047973e-02
-2.398786472527927316e+00
3.295194786284583621e+00
-7.903956371536970948e+00
-2.729323440509820564e+00
4.027022209925895879e+00
-8.638511323722612545e+00
1.705110245309113814e-01
-2.733566044138630247e+00
6.008887273625218128e+00
5.361936416057865529e+00
6.837694700739239906e+00
-2.561936125737194203e+00
4.496789171379828032e-01
1.000000000000000000e+01
-3.038133535181772871e+00
3.494053338121948293e+00
2.637458687835334992e+00
-3.345691126694321227e+00
5.425952584967690839e+00
-5.828553607108070800e+00
-3.469168509362685615e+00
-3.833931892592337132e+00
4.801927072390658857e+00
-7.053502638656568458e+00
8.514652117793302111e+00
-3.537289420108474580e+00
-1.997463043551750417e+00
9.172951993611929922e+00
5.194492319110452172e+00
7.471038392893176727e+00
9.988203447342980823e+00
-3.815840625518145401e+00
3.709211157045042118e+00
-3.981669123238875674e+00
-5.041445938130481252e+00
2.991814405864089199e+00
2.180648128488131832e+00
2.994713552364351106e+00
3.659667931999321944e+00
-6.584501698828078453e+00
3.466752187781549477e+00
4.841164243960706770e+00
9.580407539926942828e-01
-6.927604951815852452e+00
-8.560687591910543404e+00
-6.440255718841170207e+00
7.149054579748987948e+00
5.253501728406310356e+00
9.593714998716730946e+00
-8.142490534576634076e+00
-3.581641876919354761e+00
9.763170832886650885e+00
5.041162605980266775e+00
8.900546921171253345e+00
9.015911002636215699e+00
-9.765063340922630175e+00
-8.489562833195231306e+00
-2.533355528501389120e+00
7.309922543326452526e+00
-4.323543629722895965e+00
6.743285296644024873e-01
9.155176865153769938e+00
4.114623384521470251e-01
9.884407191068412146e+00
-1.883735882107973048e-01
3.355290978407582947e-01
7.617874075758092722e+00
4.926073406668044719e+00
6.675420579118049424e+00
