-7.715019054485295902e-01
6.692912474791526733e+00
-1.000000000000000000e+01
-8.592415036761558156e+00
-2.425708477735412316e+00
8.319996648833299702e+00
1.827248729149053785e+00
6.108798014673951116e+00
1.967099139276048403e-01
7.719635944879685852e+00
-3.917462814834907991e+00
4.236875313738761584e+00
-6.249786509324612105e+00
4.401215669329013203e+00
-9.705147704353498384e+00
9.650835791718751722e+00
1.000000000000000000e+01
-9.148872538441517932e+00
-4.406187965642154758e+00
-5.210454906860050528e+00
9.916377900079439200e+00
-2.480968733119121250e+00
-3.831755938316287136e+00
1.806744294461223088e+00
3.012227407950435198e-01
-2.851559575427349280e+00
7.893204056806562008e+00
-8.332765749373878705e+00
4.929003339780053672e+00
-4.512150397882508379e+00
-1.000000000000000000e+01
4.763191883281460370e+00
-8.443181676260211432e+00
4.528609352393802467e+00
-9.817936466121945926e+00
-1.057639654184871825e+00
-3.695556981151638887e+00
1.000000000000000000e+01
3.210849840475217931e+00
-9.089222668974500152e+00
-3.319538380021593293e-01
-8.392055468678623953e+00
-3.886163861623673554e+00
6.410755385629157033e+00
-8.105654908349048782e+00
5.515261613957470388e+00
6.145215789353114744e+00
-1.306903874012310229e+00
9.555164080130616355e+00
5.197743142822763396e+00
-2.071228234022350900e+00
-9.078061703401177351e-02
-5.615775032283769619e+00
-3.170638475414486290e+00
4.775289003608779836e+00
-2.115215347877978491e+00
-3.734946604779348256e+00
-6.047979506462891619e-02
2.556017026028712724e+00
3.608414515338688400e+00
9.255048866317977740e+00
-3.068338726061095034e-01
1.000000000000000000e+01
-9.080511076971728102e+00
-4.982399800645747945e+00
1.171739581452263534e+00
-2.731111479463153469e+00
-9.668009988800067234e+00
8.001383201244864907e+00
-1.351364752722579610e+00
1.973046017835679899e+00
6.518157538726994105e+00
5.847349183838468356e+00
4.757743842167300841e+00
-6.240819934295222637e+00
4.712860694265664563e+00
-6.755022417458515172e+00
-4.150389883847722672e+00
-3.954739907923420894e+00
1.270046992138805786e+00
-4.371205838919831166e+00
1.000000000000000000e+01
6.908742748443241766e-01
-1.674294521706536809e+00
-7.654736983553098728e-01
-7.994775000389068964e+00
3.624765653739027371e+00
-6.183019609332280453e+00
1.743483293274827872e+00
-8.195447311012413749e+00
-3.800969662741851440e+00
6.768806343162201422e+00
9.130827832740184391e+00
-2.145224733065862477e+00
-4.201563422967939943e+00
-5.391089209962727224e-01
5.606308452103178297e+00
8.727728186019332313e+00
-7.854283599585105691e+00
1.000000000000000000e+01
-8.438496832320938168e+00
-2.694951515777983531e+00
-9.829026633607080399e+00
-9.293379117062819716e+00
1.000000000000000000e+01
-7.575722816463025033e+00
8.056204404283324294e+00
-5.388970097891615296e+00
3.669361026351289912e+00
9.744313285367757871e+00
1.233886634770226198e+00
-1.832889922440067987e-01
1.000000000000000000e+01
-1.406170919176480183e+00
-6.442058186849888735e+00
-2.734281187344330011e+00
8.761275190717810801e+00
8.424304854358370065e+00
-1.341482622010359949e+00
3.570590061658691639e+00
6.236854450624418345e-01
9.480584790333148604e+00
-6.378311678170822674e+00
9.863602254020054971e+00
3.907458833706846768e+00
9.103576311349957706e+00
3.909406755200674155e+00
-4.865131324749706998e+00
4.788152553454362526e+00
3.603742146359598664e+00
7.733923575174209475e+00
4.499960305724233223e+00
4.750504891845532818e+00
7.650167210241436422e+00
-5.451466997657337110e+00
1.764664227639220373e+00
-5.017828801542695061e+00
1.000000000000000000e+01
4.522749606970529967e+00
4.688481455013514321e+00
8.880553500718447069e+00
-6.056896141076768103e+00
2.391305856830307608e+00
-2.918285956150454830e+00
-3.994337979009566109e+00
-8.643798527072945603e+00
-4.072924278835001743e+00
-7.678902236433274631e+00
-9.064286337394147353e+00
7.754075010786992905e+00
-9.674901212585139021e+00
-1.666383030993684677e+00
-2.559045812705626588e+00
7.251189239447883850e+00
-8.185951893455505335e-01
9.318866184091080029e+00
-5.806665913393169731e+00
1.672848281831484929e+00
8.298944899347532100e+00
5.702939619065453769e+00
9.756768461578680274e+00
-7.822016129977126475e+00
6.374950144890019210e+00
4.551267072125374291e+00
-2.639222795580826286e+00
3.670039578758978127e+00
-5.649776901353595449e+00
9.473264493311708279e+00
7.267971325434904095e+00
-4.010448710912277726e+00
5.148630076609989281e+00
8.352411406942484851e-01
-6.209260776967508999e-01
9.031817808867343089e+00
-9.223608855136687268e+00
-7.814563161328916818e-01
-2.648854229293259532e+00
8.018701678492897500e+00
5.415581649835239375e+00
7.378087963532159677e+00
2.963540611950683967e+00
2.973791294637822435e+00
1.000000000000000000e+01
-4.987218324337607811e+00
-4.942977100383730615e+00
-7.457728867485022839e+00
1.140119489063556868e-01
-3.846140692389740767e+00
5.638537659572285143e+00
-2.434473680170127441e+00
-3.820706515291801164e+00
-2.037022941616064564e+00
-5.839000707405960888e+00
1.367262399473102352e+00
-1.207354589601006278e+00
-5.830768984526017107e+00
1.278319161835838713e+00
9.414623224649014688e+00
1.000000000000000000e+01
2.208548187930779338e+00
7.385271073094880734e+00
4.054170592771746406e+00
6.344081561032433036e+00
-1.023847408566388228e+00
2.873459477710546661e+00
-3.161051890380991658e+00
-9.411399770245003626e-01
-3.067095666968330470e+00
-6.041669266968026086e+00
-1.062801450081419352e+00
-7.833117552459439858e-02
1.000000000000000000e+01
-4.430216936300994668e+00
1.290122333499094776e+00
-5.611545840070198965e-01
-7.490130344000760942e+00
9.432374839529144239e+00
6.769035560254131667e+00
1.912532370147582261e+00
8.299414969821070187e+00
-7.548632135990411385e+00
4.355549385644683191e+00
-3.310567032157559542e+00
-7.627555830337839460e+00
2.205932747650543924e+00
-3.010230380605055878e+00
9.660851018970037174e+00
2.241759152964649893e+00
5.668734939636563830e+00
6.732536312966170833e+00
-4.485489024198477281e+00
-3.146805281912540941e+00
4.253543423493850284e+00
2.308973956074807266e+00
9.408694617009540906e+00
-7.498787582498895432e+00
-4.484596609059677164e+00
-4.956999206880621678e+00
-5.107276366385832489e+00
8.107000602490270325e+00
-2.844789698342116591e+00
-4.597875593393191629e+00
5.451635055097423965e+00
8.892072405543553160e+00
1.000000000000000000e+01
1.000000000000000000e+01
-2.530952646470749023e+00
-4.823071225183340083e+00
9.726480315255914277e+00
-4.049793055541653253e+00
8.194237642666607258e+00
-3.094875090755876190e+00
-2.788841023377806483e+00
-8.427100779178065437e+00
-6.746562931083158077e+00
-4.170791489887092141e+00
7.234801999330067623e+00
-5.616130102900460663e+00
3.144183052175784532e+00
-8.996448427202590636e+00
4.392546319316086745e+00
-5.322432370128900025e+00
5.835506000544829597e+00
9.312501376875278680e+00
-3.197691436909503970e+00
