7.916771408309840830e+00
6.291512714366857217e+00
-4.949376800664018639e+00
-2.924306333291631255e+00
-8.927916948097720962e+00
-1.553268033489376476e+00
5.074188722466747015e-01
-3.685283680396750139e+00
-6.688168420781015477e+00
2.606191749529044088e+00
3.819824022387865003e+00
7.385594059995206351e-01
5.218372708861194198e+00
-7.419763929732202890e+00
-7.785817650824419012e+00
-7.673638042910550183e+00
-6.819303105673165888e+00
-7.268821761035630047e+00
-7.595445861967831114e-01
9.972697482281693837e+00
5.514005921508912778e+00
1.000000000000000000e+01
2.457373637003340272e-01
9.480381255495704096e+00
4.867143593233533849e+00
-1.078857915597627670e+00
8.342555520188634333e+00
9.377014620368782971e+00
9.551702217778775150e+00
4.091349909813547292e+00
-4.156608960915637141e+00
-8.273279365619757186e+00
-5.085643316782356038e+00
9.248697685801641200e+00
7.278958126269132300e+00
-5.726280174497115460e+00
2.361451282572951671e-01
3.076387329023678952e+00
4.109951053258297904e+00
1.934976652373804118e+00
-2.801375985355251341e+00
3.541417047757108860e-01
5.821693325395938423e+00
6.588178646480062461e+00
-3.434467580824697830e+00
-1.677605936164612954e+00
-3.692679857053817738e+00
-3.352551695311582591e+00
1.857678039027012007e+00
3.198051970435059066e-02
1.124289336356804503e+00
9.088153679130147822e+00
-6.960493928344883230e+00
6.309426007099247613e+00
-8.061016008864047677e+00
-2.191118565279914776e-01
-5.587288788837295073e+00
5.886915437682328722e+00
-1.226235646073327690e+00
5.562399259915926653e-01
9.514316328603113604e+00
8.677932971659355843e+00
-1.537377992915288205e+00
9.659677119245431598e+00
-3.738810646894839440e+00
3.217362409449613381e-01
1.290277718494998505e+00
1.000000000000000000e+01
-1.610689187948054268e+00
8.352897672420285247e+00
-4.753624995855510349e+00
2.116627954834490399e+00
9.874758536926712793e+00
-2.579612067252841090e-01
6.134066345796146180e+00
1.992446496613488494e+00
4.722224515646233911e+00
-9.805954227953071367e+00
2.699909378638801982e+00
3.120724413547649956e+00
-2.643243678362193982e+00
1.058310440582497014e+00
4.570865381311700837e+00
-3.537787190982624619e+00
1.636019485580268995e+00
-4.826710795758816452e+00
-3.955609136565118700e+00
6.875685780332556618e+00
-8.585535731992022690e+00
1.070358627849022914e+00
-2.439003383810664616e+00
-1.989087613875651028e+00
9.824703346764266598e+00
9.475718714234194096e+00
-2.386873472761890103e+00
-1.262386397514818626e+00
3.570175512914839810e+00
-6.813340418749990413e+00
6.931316280608095681e+00
5.341263218306977478e+00
8.450008449407702571e+00
3.083796745537763506e+00
-5.174229078766412471e+00
-5.628944507627139160e+00
9.075805407274119219e+00
-8.546517628740163630e+00
9.962245200099218323e+00
7.821479731640721411e+00
2.023446077773974672e+00
-1.600140002897313174e+00
-4.113653315842888958e+00
5.369674059264046839e+00
-6.353604087994272120e+00
3.322845923678133584e+00
1.324146770542788065e+00
8.200706672678176323e-01
2.351495851470242648e+00
7.152178349724990447e+00
9.521341352505670486e+00
9.587816811968444597e+00
-5.762260571023905875e+00
1.000000000000000000e+01
9.518296181059117345e+00
8.897436950261419231e-01
7.991111973762849985e+00
6.428939579863615528e+00
-6.337698178408826877e+00
8.610385981316222015e+00
5.665019360468961374e+00
6.036367764441435746e+00
8.343145408042181188e+00
3.108057036631456160e+00
9.784751731856184520e+00
-8.724949777714595456e+00
1.000000000000000000e+01
1.840108858749463505e-01
-6.462370601579869422e+00
1.000000000000000000e+01
-9.108246585334905276e+00
7.999799826102201195e+00
2.768410359254969144e+00
9.694174964503005754e+00
-6.795590255849710104e+00
4.281277226644928824e+00
5.732434006629612888e+00
3.867567579340013495e+00
-7.925917174953756472e+00
6.600244934683757947e+00
8.829306498628556099e+00
-9.819864284996537407e+00
-7.803682095215270786e-01
-7.301791369983839708e+00
-4.416653404545143324e+00
-6.710095723663894951e+00
8.096094087348378210e+00
-3.461954702291717201e+00
-8.232485696266833131e+00
-1.761785883058878954e-01
-4.670937371505351265e+00
-3.920529714216365758e+00
-3.355723537648507726e+00
6.495045548660564272e+00
2.939354166858883399e+00
1.894298798068395406e+00
2.018260097694649424e+00
-3.934572230382649582e+00
7.756532756596767442e+00
8.206311726941732942e+00
-7.273542630321363056e+00
-8.616379019926908356e+00
-7.851944099840309832e+00
-5.857222504743487157e+00
-4.369714301519846966e-01
9.719215554830840986e+00
7.440931229828773752e+00
5.146860809496057065e+00
-3.566110629351503913e+00
-6.530236536905484890e+00
4.033182443071151368e+00
6.940163789024113683e+00
-3.342205091341012846e+00
6.868209012465445795e+00
1.969409707882638028e+00
-5.917226730561310433e+00
6.068866213590164982e+00
-7.627808000211380168e-01
-5.849155738708177843e+00
-2.254128914985423560e+00
-5.081269871130645877e-01
-5.249464676074765634e+00
3.284856380808284460e+00
4.381929928576632882e+00
2.736846472992216395e+00
-5.916617108889036025e+00
-1.902171255094931013e-02
1.000000000000000000e+01
5.821044873274844988e+00
6.752616333015504679e+00
6.531013399203602354e+00
-8.511439499492057692e+00
3.303598463854178213e+00
3.902199457693247275e+00
-8.876901817698819031e+00
9.943248691233945280e+00
1.341747028004500297e+00
-9.068720994946229297e+00
9.096429782990476554e+00
9.262945367905462746e+00
2.792623967158323506e+00
-9.430735496847862720e+00
4.518389187679499486e+00
5.069880058149221824e+00
-9.369856535269594389e+00
1.988686981102703588e-01
8.923275343971122098e+00
4.380235162110767133e-01
2.580210716833529982e+00
6.572666428214636980e+00
2.509810582318872996e+00
3.184416543260439880e+00
-4.726527249122212115e-01
1.000000000000000000e+01
2.126282666005973709e+00
4.956784494022794529e-01
1.000000000000000000e+01
3.483491349663740078e+00
9.838359972191092595e+00
-2.713141988163989549e-01
1.000000000000000000e+01
-5.678626891132749321e+00
2.418499422819808120e-01
-4.621794746699952938e+00
6.866223074175373142e+00
-1.056454831299617148e+00
5.397159408660543889e+00
3.039140885004401049e+00
-1.947095049439430126e+00
4.081251520551401057e+00
-8.329336681982310253e+00
5.534080635147996252e-02
7.895853310802874780e+00
5.436579628103972439e+00
-2.985575115914716360e+00
-8.822231359348618795e+00
-7.222860962737413182e+00
7.159269586474072966e+00
-1.993132307122998936e+00
5.246842082084949510e+00
9.580000849621246317e+00
-6.717643798852858339e+00
-7.223741917502308318e+00
8.472547638609865928e+00
9.816539955102438597e+00
6.032530483807738264e+00
1.000000000000000000e+01
-7.431493938935775034e+00
-3.385620656410379681e+00
-1.379172707255052588e+00
5.251787816142091891e+00
-2.649711310299033062e+00
-4.195403714568412212e+00
-3.089026524185574551e+00
9.718075087597494388e+00
-8.362626252382163727e+00
4.386406900174722345e+00
