-1.111915086643582740e+00
-1.717256851933520512e+00
2.820758064855160008e+00
-4.884108933063479263e+00
4.431315704854332793e-02
9.240951940459725122e-01
8.637281153990592486e+00
2.435989917908960023e-01
1.667015730696418174e+00
-7.184897495572377224e+00
2.422887873319873320e-01
1.000000000000000000e+01
7.820053455652774765e+00
-4.919211446045038683e-01
1.000000000000000000e+01
-5.764290584109867055e+00
-1.000000000000000000e+01
-2.391968161430540363e+00
8.938625663351555062e+00
7.297764762436435682e+00
3.104469849703432316e-01
4.222636923255061348e+00
7.949440680489658462e+00
8.739859687125930421e+00
-7.205465499729852397e+00
-7.986774313309231488e+00
6.886585224649057757e+00
4.233838817729958848e+00
-6.292263189977844284e+00
-1.191865541309844900e+00
-4.172990047937701341e+00
1.000000000000000000e+01
3.873249951081576103e+00
-1.587060888901577815e+00
3.099626234162115246e+00
-4.445264981747750199e-01
5.538882770287788304e+00
2.747562582168708190e+00
-4.750932674117007259e+00
7.090005855498707099e+00
-1.742260803794750679e+00
3.734864173176953184e+00
2.914415925410069885e+00
5.972324733532541785e+00
-8.669745601889440323e+00
3.966203570588240801e+00
-4.440380463746103068e+00
7.996579953868612201e+00
-6.542160895503989160e+00
2.780827989925202637e+00
-1.486403137509908712e+00
3.652340003946643598e+00
-9.628950705333266802e-01
-5.558422826504175518e+00
-5.300083467402497028e+00
4.363657983853373779e+00
-4.354134758876079481e+00
-3.112758603949872249e-01
3.302892235478571692e-01
3.387797985343168783e+00
9.938507722321510585e+00
-1.070963535813571399e+00
-8.105356729519407111e+00
4.784431802948142298e+00
7.749326076892904425e+00
-7.113170380168201135e+00
8.209808550978365815e-01
2.940529361485155757e+00
-5.395692263643784292e-01
-6.088632531099984924e+00
9.217668373895874012e+00
4.394743469255767643e+00
-4.764859468006616083e+00
2.510078874308990793e-01
1.000000000000000000e+01
-2.772994108712018679e+00
-6.576975911942639641e-02
-4.445920768920127442e-01
3.216429852598155836e+00
-8.689486286816636706e+00
2.291863865810554568e+00
-4.940526719964409175e+00
-3.865127524843350759e+00
-3.877712265259475988e+00
-5.174564883434777052e+00
-5.951585043509457496e-01
3.565118910291407595e+00
6.009361155037070468e+00
8.117597525659315139e+00
1.000000000000000000e+01
-4.219798507531531406e+00
-2.054780314499509597e+00
8.579026215502793207e+00
3.464489952188077648e+00
8.755152468284407519e+00
9.601099610541277585e+00
1.000000000000000000e+01
-4.613500776725642183e+00
5.794207286735207241e+00
1.000000000000000000e+01
-1.196668735861896149e+00
1.746589832449258139e+00
-6.109526874283096376e+00
-5.912632886905885954e+00
-6.700011041652994770e+00
9.526377015546950489e+00
7.776719338984460883e+00
8.486701024339929234e+00
-7.708884191979749723e+00
-2.943037554900322483e+00
-7.767181923783033071e+00
-4.952115684272140328e+00
7.892268298004550431e+00
-8.484185564995696538e-01
9.698280697803692618e+00
-9.513705620149560005e+00
3.282860764885124460e+00
-6.783852761773113471e+00
-6.423568516711628540e+00
-6.805016318680576326e+00
3.408369415024395277e+00
1.164620269676575948e+00
-2.118871699283785048e+00
-9.384689151866753676e+00
4.321870652699467463e+00
8.502818908019627031e+00
4.676987033639431246e+00
2.160706955082667857e+00
-3.952343407329841796e+00
-2.156969141696471137e+00
8.971278554169717978e+00
1.428686533845779261e+00
-5.899333108688494143e+00
1.000000000000000000e+01
-5.236247475870912993e+00
4.367607652175803601e+00
-4.506039018139873509e-01
5.954287660441009322e+00
3.703704022042251243e+00
2.894356259927865160e+00
4.251057117291670018e+00
5.889476456419520112e+00
-1.403832988130029547e+00
5.946334451856426229e-02
9.220899768187651446e+00
-4.145386056928999530e+00
3.057693825950215327e+00
2.666136339522766630e+00
-4.101087474051079873e+00
-2.738628017452152008e+00
-7.318654653284047740e+00
4.626542208691873270e+00
-5.578397352077234750e+00
-6.840340735677693296e+00
-5.537726890350975317e+00
-1.701015945933595841e+00
9.172717715604722599e+00
1.000000000000000000e+01
3.833560296267482848e+00
1.000000000000000000e+01
-5.249890752678879835e+00
8.663720315277767980e+00
2.876947276319661295e+00
4.449057284803601853e+00
-4.648079291097923615e+00
-8.699739798834546178e+00
1.961258550839410919e-01
-5.067211212460599690e+00
-1.000000000000000000e+01
-6.405370780021270027e-01
-5.993664563662143507e+00
1.374010070758239888e+00
1.526573621615466170e+00
1.028741531588727831e+00
4.789149250476703035e-01
-4.589618361993048623e+00
-3.733403657392691866e+00
6.476954882692038673e+00
-8.959542916835353310e+00
6.714113903021643459e-01
-7.517099107827947435e+00
3.805499329660420038e-01
-2.437105907686912154e+00
4.486983150595602154e+00
2.905630355590980152e+00
8.450697885447722157e+00
-6.661558730095680225e+00
2.371807298034381839e-01
-1.953885016166812205e+00
-7.419519913823968693e+00
-5.772531485735360235e+00
6.794347925118144005e+00
6.862293227895740699e+00
6.128624280567744442e+00
-7.039601170193807711e+00
-9.362345783732582305e+00
1.634636357252072347e+00
9.972930139437304220e+00
-6.675784227812422422e+00
8.706608847642167248e+00
8.940693124224438293e+00
4.321627992466934298e-01
-7.801387350933143949e+00
-2.189924073509655900e-01
-5.770181552276354431e-02
-2.639380707949536831e+00
-8.211447067922741372e-01
4.127906058030749392e+00
8.087982315003232614e-01
8.897198511878945837e+00
8.938898423360290835e+00
-8.033480446999858415e+00
6.838677014605850424e+00
2.719836248209042129e-01
-8.279779444658528220e+00
4.014605856785319560e+00
9.506400881102166522e+00
2.823770689244144538e+00
-3.749574571600969630e+00
8.456443755727377720e+00
-7.467418623334016736e+00
5.925273137779915267e+00
4.815316675847873262e-01
-7.629811231973767427e+00
6.139333847474198969e+00
-2.155703792353733661e+00
-7.269865991847348496e+00
4.384614529196034560e+00
7.589944973780866633e+00
1.000000000000000000e+01
-9.155168453077012103e+00
1.454169359686578122e+00
7.142873575108015238e+00
-1.950343011512876146e+00
-4.514983256915471976e+00
3.486093321519768473e+00
-6.146951396536045387e+00
8.056799242834927099e+00
-9.946261392436856141e+00
-1.046792551546281480e+00
-3.391227703948073380e+00
7.479303940324406597e+00
4.933144610186772638e+00
-1.208481906018308516e+00
7.446655185936950971e+00
-3.920102203977583244e+00
1.000000000000000000e+01
-9.446384111317412957e-01
7.656649846428726036e+00
9.523566444473047454e+00
-5.311909837681499269e+00
1.245117478356977392e+00
2.895549948623667103e+00
3.304910093788587133e+00
9.651392393451232010e+00
3.475266740465430271e+00
-1.168772583990345781e+00
-9.767842684051352364e+00
9.068995814066060035e+00
-6.316722999585874021e+00
7.960870329811582380e-01
-5.701449191250986814e+00
-5.499011196080714647e+00
8.943160182817996073e+00
-7.006485110001610117e+00
