4.802986345780910327e+00
9.209675400597525652e+00
5.187179527304016879e+00
-5.993164858929374894e+00
-3.656723934595531578e+00
-1.480478146237930837e+00
3.836912585306986756e+00
-8.585132434368381027e+00
-8.355510110359599452e+00
9.557589048802524800e+00
2.482593770331053551e-01
-2.003289699741491070e+00
1.589170003085023541e+00
5.341762829216984976e+00
-4.005706585011918008e+00
-4.634821966347432820e+00
-2.674947844473644754e+00
7.150866547149800745e+00
-3.946008719330190040e+00
-7.599763297324746425e+00
-2.467969905367768391e-01
1.850932820025656067e+00
9.519075467583331118e+00
-5.114464152932381991e-01
9.360703585270899296e+00
-5.348875175773671886e-01
8.541013831892831476e+00
3.052779192263962216e+00
1.000000000000000000e+01
-2.454390975755527393e-01
4.252350392040349369e+00
-3.341138556563877149e+00
5.447338342133214439e+00
1.000000000000000000e+01
9.592021947153028805e+00
9.833615480730202307e+00
4.067131056887639318e+00
-3.090743221059759183e+00
6.905248408713084096e+00
3.387096473444661360e+00
4.457190721750858842e+00
-8.284182864504984423e+00
5.568094652085913143e-01
-7.318855457775558904e+00
4.542802346469486885e+00
-8.106551602667234846e+00
8.390143268944786570e+00
5.224715787836077929e+00
2.545576598236054533e+00
-5.393128214692436195e+00
2.806429206852940617e+00
9.545160704240396754e+00
2.879967197562429249e+00
-7.784701933529374784e+00
3.463787667198078069e+00
7.873333134228183816e+00
8.041790386126219659e+00
-4.125787166265563854e+00
-6.675382920578861068e+00
6.155494728608848831e+00
-2.064409782191267695e+00
-8.397808512671701919e+00
5.912877779370225184e+00
3.536283506073176763e+00
-8.345928723472646027e+00
7.880140416789203073e+00
6.815999591643792321e+00
-3.465059660024242483e+00
2.091806414805299053e+00
1.000000000000000000e+01
3.764602522323560851e+00
8.969037513130080796e+00
8.356458442062042025e+00
1.412705673811028628e+00
2.155901043922918703e+00
-5.628533005244967136e+00
-1.809221308108259318e+00
5.500644011239655740e+00
2.303345780532060516e+00
1.000000000000000000e+01
1.000000000000000000e+01
-4.002781099729947556e+00
1.763393372930306180e+00
-6.605941993634110609e+00
5.401741861844080894e+00
1.000000000000000000e+01
-7.510423326037888536e+00
6.189081053432824220e+00
1.831378282564458893e+00
7.448219349200015493e+00
3.086759087615149610e+00
-2.917454682450804526e+00
-1.476891045497146449e+00
7.301326381668134857e+00
-1.312727142102052325e+00
-3.075738083586904814e+00
3.247058815052951797e+00
1.522443244923903594e+00
-7.664590937281252181e+00
-8.819459882463450695e-01
9.105486295815714115e+00
6.578404611213676034e+00
-5.698011328931568364e+00
7.576826982107017550e+00
-5.515947165262366170e+00
-3.684537388158624083e+00
1.531058058085958073e+00
-5.470111645943888767e+00
4.875847733711322185e+00
-7.097710869107119791e+00
2.370538463346071545e+00
-4.723821050188146131e+00
7.839191997529884048e+00
6.605499757348788137e+00
-1.698522543671338036e-02
-1.882562731144819423e+00
-1.753598805184032328e+00
9.722620934293738415e+00
1.000000000000000000e+01
1.501361330770244917e+00
7.254703100376053149e-02
-2.562552434920291944e+00
-4.847947581476753642e-01
-4.001280989983190040e+00
-8.680763008482454524e+00
-6.361236836445544718e+00
1.000000000000000000e+01
-5.031691824545417191e+00
7.475787862390840921e+00
-5.461736015111373632e+00
-7.341140918432686568e+00
-2.814589164728232618e+00
8.511210503325196797e+00
7.711840810501975341e+00
-8.966809395817390893e+00
8.654786246096175972e+00
-7.882380429241421460e+00
3.016273039130203948e+00
-4.097892693754036308e+00
8.552328476006488600e+00
-5.297845283531180449e+00
-7.011797686373825833e+00
1.000000000000000000e+01
5.578452020642580500e+00
-4.381118776404919757e+00
-4.349633491796851992e+00
-3.691241518260254484e+00
1.245648880559338201e+00
-1.612216493418125562e+00
-3.422534716907990937e+00
-5.982731851364571973e+00
1.629551958320082150e+00
-3.718133211786395442e+00
4.963356764626790429e+00
7.993395329304250119e+00
-8.858753604411942817e+00
9.799310522602032947e+00
-7.227249986369006507e-01
-2.200403961413170961e+00
9.484453080509142708e+00
3.353915752591014154e+00
4.539039131605324684e+00
-1.638736653969751433e+00
1.739755733901950929e+00
-4.639286467688698679e+00
-7.795476599316334188e+00
-7.463518462138050147e+00
-3.049250435949121929e+00
5.607691278557084935e+00
-6.690845373364227022e+00
-9.453713197227232357e+00
-6.839964195992822127e+00
2.177676511948618554e+00
9.415179562404592417e+00
5.858251353979826881e+00
-5.128837061134284170e+00
7.898706041278448886e+00
-5.912717941198459393e+00
-6.129877626015408865e+00
1.000000000000000000e+01
9.028540455696571598e+00
1.000000000000000000e+01
-1.324231453240975798e+00
4.580876273145930710e+00
6.871705644432291926e+00
-2.388665087183649671e+00
-8.580178853515590731e+00
1.603878264047348123e-02
4.424605724525753736e+00
1.032217866189877542e+00
4.739495943539786538e+00
-1.381244179351932555e+00
6.257466327308080167e+00
8.419225859131323375e+00
-3.000823890168622832e+00
2.230901862141021486e+00
-2.940052129018136728e+00
4.275273888287451363e-01
-7.812128314111123073e-01
-5.807742960207583849e+00
-9.527053696927172410e+00
9.545287021768036340e-01
8.299405052725994381e+00
9.753925467418874007e+00
4.009314055877480243e+00
-7.546120940962603107e+00
9.382844273171050631e+00
-7.904743935606915350e+00
-7.606380170351982883e+00
-4.423961226099729416e+00
3.276636287943240355e-01
5.646787280735457770e+00
3.272740136368271102e+00
-4.308634873272123578e+00
-3.604767004113457407e+00
-6.405512996539191484e+00
-7.070280838764926301e+00
3.239946875698397566e+00
-3.805258515423472487e-01
8.089963633205625726e+00
7.287285031738248264e+00
3.318259788865438598e+00
-1.321017472544126159e+00
2.614235429092789609e+00
3.705545559709556791e+00
-2.891609911280475842e+00
8.676839333985959968e+00
-2.497184590375962188e+00
-7.275990303937878600e+00
1.000000000000000000e+01
9.159415544135640630e+00
-5.289983139775984888e+00
1.000000000000000000e+01
1.000000000000000000e+01
9.340643486952096453e+00
-5.227859935807960490e+00
6.831050199534920431e+00
-5.618061169635577556e+00
6.021847196642905686e+00
1.000000000000000000e+01
1.710182195599889710e+00
1.000000000000000000e+01
9.576264017971212184e+00
5.038598168756037943e+00
1.000364828411077767e+00
-6.859263325693619961e+00
1.000000000000000000e+01
-6.613099674640123382e+00
7.322794240149756106e+00
-9.449754262587115150e+00
-7.372959935736586701e+00
5.299598737174321172e+00
2.662879440834674316e+00
-5.425490164733482779e+00
-5.620876902893732208e-01
-3.029104822195938240e+00
8.889443493206565350e+00
6.596243429634387923e+00
-3.126812882213100053e+00
4.503311741781921285e+00
3.549025513708066626e+00
2.346697969608793066e+00
9.048237350151547176e+00
2.303377053767204252e+00
9.619042421414043531e+00
