1.000000000000000000e+00
1.000000000000000000e+00
1.000000000000000000e+00
-3.145994828205331273e-01
-4.835156270432108272e-01
-1.000000000000000000e+00
1.000000000000000000e+00
-1.000000000000000000e+00
-1.280477404105604400e-01
-1.000000000000000000e+00
6.902450303217997352e-01
7.372849506325939162e-01
-1.000000000000000000e+00
5.267423429312154681e-01
-6.712588205099168093e-01
-1.000000000000000000e+00
1.000000000000000000e+00
3.671673889014890335e-01
-1.854988342439782834e-01
-1.000000000000000000e+00
2.513002831072266297e-01
5.211458281783223345e-01
6.436542198336028253e-01
1.000000000000000000e+00
1.000000000000000000e+00
2.005349882609847867e-01
1.000000000000000000e+00
3.371960501089232842e-01
-1.549296838201592585e-01
-1.000000000000000000e+00
-1.000000000000000000e+00
1.000000000000000000e+00
-1.000000000000000000e+00
1.000000000000000000e+00
1.000000000000000000e+00
-9.576877242554342473e-01
4.564020592098305684e-01
1.000000000000000000e+00
-1.000000000000000000e+00
3.827590854181505131e-01
3.548100775628229009e-01
5.830895401464641914e-01
-1.000000000000000000e+00
-5.786083504349930351e-01
1.650993216945086939e-01
-1.000000000000000000e+00
-1.000000000000000000e+00
3.099030225394659999e-01
3.651429903227132456e-02
-1.000000000000000000e+00
1.000000000000000000e+00
1.000000000000000000e+00
1.000000000000000000e+00
1.000000000000000000e+00
-1.000000000000000000e+00
-1.000000000000000000e+00
-1.000000000000000000e+00
6.150022295878030398e-01
-1.000000000000000000e+00
-1.000000000000000000e+00
7.053304684696257709e-01
1.000000000000000000e+00
-1.000000000000000000e+00
4.318015590179080654e-01
7.910722623141430709e-02
-1.000000000000000000e+00
-1.000000000000000000e+00
2.477167741723649286e-01
7.409687708724128630e-01
1.000000000000000000e+00
-1.335240583162784489e-01
1.000000000000000000e+00
-1.957116692966989202e-01
-1.000000000000000000e+00
-1.000000000000000000e+00
-4.732386399485704054e-01
-1.000000000000000000e+00
-1.000000000000000000e+00
2.711614435469482665e-01
1.000000000000000000e+00
1.000000000000000000e+00
-1.000000000000000000e+00
-7.596631583726098924e-01
-2.806271558911244135e-01
-8.034195354847870618e-01
1.000000000000000000e+00
-1.000000000000000000e+00
1.000000000000000000e+00
-6.152373560908894756e-01
2.452601794904292198e-01
-4.341209073659080264e-01
-8.098491024931693261e-01
7.667916341824061455e-01
1.000000000000000000e+00
-1.000000000000000000e+00
1.000000000000000000e+00
-1.000000000000000000e+00
8.366799704439089602e-01
1.000000000000000000e+00
2.393154718700550299e-01
1.467638593783262557e-01
1.000000000000000000e+00
1.000000000000000000e+00
6.724275211102916927e-01
1.000000000000000000e+00
-1.000000000000000000e+00
-1.000000000000000000e+00
1.000000000000000000e+00
-1.000000000000000000e+00
-7.759788604004700385e-01
-1.000000000000000000e+00
6.772013918526966769e-01
1.000000000000000000e+00
1.028226385155361911e-01
-1.000000000000000000e+00
1.000000000000000000e+00
-1.000000000000000000e+00
-6.704025123991734780e-01
-5.576213001390573076e-01
1.000000000000000000e+00
3.367270969002971182e-01
1.000000000000000000e+00
8.773725930365245951e-01
-4.840491760846119540e-01
1.000000000000000000e+00
-1.599779195505561802e-01
1.000000000000000000e+00
-1.000000000000000000e+00
1.000000000000000000e+00
1.000000000000000000e+00
-1.000000000000000000e+00
5.148441931419602824e-01
-6.083395124011146127e-01
-4.741512156060901928e-01
-1.000000000000000000e+00
-5.116834248633210791e-01
-1.000000000000000000e+00
-2.496419930078088711e-01
1.000000000000000000e+00
-2.693299081702269504e-01
6.592453498179469129e-01
6.643602237371242225e-01
-8.894222459041529749e-01
3.305432810218924544e-01
-1.000000000000000000e+00
-1.000000000000000000e+00
-1.000000000000000000e+00
2.919743972924186970e-01
1.000000000000000000e+00
-8.628813393741050497e-01
1.000000000000000000e+00
-3.386491141564511587e-01
3.455454217927180771e-01
-1.000000000000000000e+00
5.744836943630244885e-01
2.185849871137386380e-01
-6.872260243666650226e-02
4.681285589854384810e-01
-1.000000000000000000e+00
-1.000000000000000000e+00
-7.757942099422545645e-01
9.144510234812850413e-01
-1.000000000000000000e+00
1.000000000000000000e+00
-7.722240007472818135e-01
-1.000000000000000000e+00
4.321849937318300583e-02
7.199384480603783221e-01
-1.000000000000000000e+00
1.000000000000000000e+00
1.000000000000000000e+00
7.980447593667905348e-01
6.815367146236748219e-01
4.198942850496300006e-01
7.512113196130998372e-01
1.000000000000000000e+00
-1.000000000000000000e+00
-6.303503702131427744e-01
1.000000000000000000e+00
-1.000000000000000000e+00
-9.113962778163586798e-01
-1.000000000000000000e+00
-1.000000000000000000e+00
1.000000000000000000e+00
1.000000000000000000e+00
1.000000000000000000e+00
1.000000000000000000e+00
-1.000000000000000000e+00
-1.000000000000000000e+00
-1.000000000000000000e+00
1.000000000000000000e+00
-1.000000000000000000e+00
1.000000000000000000e+00
-6.847200923909042558e-01
-1.000000000000000000e+00
-1.435525386362184186e-01
1.000000000000000000e+00
1.000000000000000000e+00
1.000000000000000000e+00
-1.000000000000000000e+00
-9.705535390818647024e-01
-1.000000000000000000e+00
-1.000000000000000000e+00
-1.000000000000000000e+00
-9.120646216552310559e-01
4.282963451953341050e-01
-4.578104437971939333e-01
1.000000000000000000e+00
-6.557009911030595717e-01
9.674114490147722734e-01
1.000000000000000000e+00
3.787972588508106142e-01
1.000000000000000000e+00
1.442603236021402502e-01
-7.246614721178832319e-01
-1.000000000000000000e+00
-7.061816724930514155e-01
1.000000000000000000e+00
-2.484194209813423981e-01
1.000000000000000000e+00
-5.404777374041923599e-01
-1.000000000000000000e+00
-1.000000000000000000e+00
1.204208675412026253e-01
1.073932948200351234e-01
1.000000000000000000e+00
-1.000000000000000000e+00
7.155450946482724284e-01
1.000000000000000000e+00
-5.192671570255430469e-01
-1.000000000000000000e+00
4.764172619046447843e-01
9.696003900832290689e-01
1.000000000000000000e+00
-1.000000000000000000e+00
1.000000000000000000e+00
5.531112923246315205e-01
-1.000000000000000000e+00
-1.000000000000000000e+00
-8.125093229898161518e-01
1.000000000000000000e+00
-3.380542335841640877e-01
-1.000000000000000000e+00
3.698306914382532007e-01
-1.000000000000000000e+00
1.000000000000000000e+00
-6.060685570188599769e-01
-6.899732526859065906e-01
-9.830889309412219612e-01
2.933843333256591634e-01
6.429913880393245407e-02
1.000000000000000000e+00
3.209942908873735234e-01
5.294074846854042171e-01
1.000000000000000000e+00
-8.371712751421718224e-01
-1.000000000000000000e+00
1.000000000000000000e+00
-1.000000000000000000e+00
-2.503036153873083869e-01
-1.000000000000000000e+00
-1.000000000000000000e+00
-1.000000000000000000e+00
-7.774146761800668770e-01
9.762148306075989490e-01
