-5.891104231377150668e+00
2.442161525874111394e+00
7.448526667030730408e+00
1.332889380447780936e-01
1.681794225238535834e+00
1.000000000000000000e+01
4.298032665436499755e-01
8.908363669880181135e+00
3.176273312438178120e+00
-9.894007136913213429e+00
-7.206421109091419197e+00
-5.477183376765542455e+00
1.142683966031959431e+00
7.260601031132704719e+00
-6.994273311176433694e+00
8.865681744667639919e+00
-3.931172161581780178e-01
4.931847814652330797e+00
2.049626755732991690e+00
7.086659460179220993e+00
-6.708105519774305137e+00
-5.966502936149309377e-01
-8.699371085684093785e+00
7.472204027956041550e+00
5.443179001569568243e+00
-2.920608597256521222e+00
4.461298620874722509e+00
1.595074030991678882e+00
6.864271743919843516e+00
9.253908467205677724e+00
1.000000000000000000e+01
1.000000000000000000e+01
7.477568863597352511e+00
4.766154317268311402e+00
-4.424062080459069790e+00
1.747740895243460768e+00
3.542486172911920583e-01
6.047866521551300778e+00
-4.823250568452719378e+00
-3.089545139207119817e+00
-9.252111368586243501e+00
3.021773989904033897e+00
7.942723655228066448e+00
-2.283085781844214512e+00
-3.784767274975626705e+00
1.264382673209318408e+00
1.072660873417444760e-01
-3.148322449952385860e+00
2.059838942807898032e+00
-2.601426342485561705e+00
3.896962757314819115e+00
-2.951606976418813533e-01
-2.525555875187172061e-01
-6.789602130867396390e+00
6.514506462632809303e+00
3.366729549257968301e+00
6.093996161728695959e+00
-9.622970259230932299e+00
4.873961131677270409e+00
8.603037496874514911e-01
8.748257527469659678e+00
-3.964052532873498791e+00
-1.776152539615723613e+00
7.930562576395203678e+00
-2.182194020672667989e+00
-2.119174279794083571e+00
1.820347873702098607e+00
-7.803131497783704074e-01
4.851710973204913735e+00
-3.790374520218368737e+00
1.000000000000000000e+01
6.838038401059630012e+00
-9.890372576568442042e+00
-8.955149984912376127e-01
-2.709721118748679380e+00
-6.835015506371056482e+00
-7.930563433975900800e+00
-8.661528195136308783e-02
-8.044642231682750833e+00
9.645144386543873516e-01
2.240483569215744986e+00
8.991330714683261505e+00
-9.680720130647758381e+00
-8.108749049984185220e+00
-1.036834961816307521e-01
-4.350092157181513208e+00
6.711313238034152029e+00
7.661695939568417657e+00
-3.074569520827783453e-01
4.692399015017167052e+00
8.198070685157976101e+00
-6.041256040409267669e+00
-1.929413859143513044e+00
6.333824474385494341e+00
2.959741443661809246e+00
5.035636693093596961e+00
7.961632051371819507e+00
1.952249790875561164e+00
7.829623229764082204e+00
2.806389112027293020e+00
-9.451285983853344064e+00
7.823548190415364090e+00
-7.739766520721551579e+00
-7.742450979100234942e-01
8.921169471171529253e+00
-4.724121986748452962e+00
3.688691930501702743e+00
-1.721422028945376326e+00
-4.574488468346723735e+00
-5.196760125451840295e+00
-6.437433843520524945e+00
2.196967174875617879e+00
-1.821033726274243092e+00
7.685027117419357623e+00
8.284451864657665254e+00
-4.234455497223774678e+00
-4.070378626468465377e+00
1.000000000000000000e+01
2.983483462668556907e-01
-1.690763148324834431e+00
-2.418607765322795089e+00
-9.468868453542704344e+00
2.275909102760665714e+00
1.000000000000000000e+01
-4.085331306354185621e+00
5.749231555359194168e+00
5.127118163375378401e+00
-2.434819075311636105e-01
6.797899911098895132e+00
4.734710887933472279e+00
-8.018039204913634421e+00
-7.317844568625654356e-01
-8.205281796402634775e-01
-4.702786523644595817e+00
-7.790411843752387711e+00
1.000000000000000000e+01
2.012459395789004013e+00
-2.172577273765700312e+00
-3.516540439368337267e+00
1.128053175899594418e+00
8.192361168369435731e+00
-4.961458135244726897e+00
-2.366447070386762164e+00
8.592198465707973298e+00
5.548066423892914045e+00
-7.566390847344127479e+00
6.982881293071734774e+00
1.642165041058367692e+00
2.492107091016967146e+00
3.616280739768705121e+00
-1.000000000000000000e+01
6.917603206234296920e+00
-6.758360613824827112e+00
9.901628059190068498e-01
6.642668625647645264e+00
3.139374565729596167e+00
7.968110854143827027e+00
5.856453337402901305e+00
-2.337694002850422503e+00
-3.772825569068950724e+00
-3.174202411693766379e+00
3.597818909866859372e+00
2.894892907535632887e+00
-2.635483206570842452e+00
7.008042452793732835e+00
-6.347540106564075746e-01
-5.939297597007152874e+00
4.883267650801118798e+00
8.379082326801844616e+00
6.568748473035225466e+00
8.461871577130949618e+00
7.331654688067887449e+00
9.935350111494889447e+00
-7.435851422061689142e+00
5.090313328664311854e+00
-4.828920231938656826e+00
-5.331004550552528087e+00
-5.925151771648275556e+00
-5.521696467741031178e+00
-7.869092294699130186e+00
8.996852695049264881e+00
-7.127851190462581421e+00
4.048648484557794802e+00
7.100387469760907067e+00
-4.745308227675121060e+00
-7.902209961078292544e+00
5.468003388912832108e+00
3.306546853467992264e+00
-6.509768539802081477e+00
-3.879205850624003471e+00
2.287105242901248392e-01
-9.827820721128156523e-01
1.875899574334219277e+00
1.485783845511744250e+00
2.853434028316303994e+00
-7.895959202108268293e+00
5.246495472040485275e+00
4.624000988361983699e-01
-6.922331273762532433e+00
-6.119086285177591122e+00
5.759920909616310425e+00
-8.360190553009479331e+00
5.353142384873265769e+00
6.102779507489641819e-01
2.129814215580609904e+00
3.115586975697071104e+00
-5.820892262839977072e+00
-6.828855019005903415e+00
-9.117206663893503205e+00
-1.375959055551891019e+00
-6.858328220724945190e+00
1.000000000000000000e+01
7.484361476761274723e+00
1.000000000000000000e+01
-7.267463888656511273e+00
7.356298778088905976e+00
-1.334858851394826518e+00
-4.259100325576057777e+00
7.302735077129281827e+00
1.000000000000000000e+01
-7.170780072819598949e+00
7.313027811195207839e+00
6.647781831297240984e+00
-2.906781660188395122e+00
1.000000000000000000e+01
9.019583499183628561e+00
-1.921878080260707611e+00
6.900189780668876338e+00
-4.917217631113568466e+00
7.592689123310361055e+00
-2.974285438395313008e+00
-7.099062621775495074e+00
-9.309135040942758010e+00
9.331223491320674412e+00
5.571203028403162172e+00
2.091639343044856325e+00
6.610555918080375903e+00
1.463537427615392073e+00
6.665864945040270051e+00
6.030803204341859569e+00
4.114034272005193671e+00
9.095817799204235499e-01
8.352035131635640042e+00
4.968580022600582069e+00
8.101353218418980262e+00
2.430899368876391797e+00
-9.348099695244687979e+00
4.310554752897229669e+00
-2.427069878495169419e-02
-3.329599524437409919e-01
1.755554227645482523e+00
-2.832630196475530049e+00
-4.533792317049102349e-01
-7.648246654380502996e+00
6.099165182183955203e+00
-6.555763862484520921e+00
6.628944052231524608e+00
-4.520382147201080336e+00
-7.915191691632135207e-01
-2.456100989592600481e+00
8.095311722321262948e+00
3.795772043810686558e+00
1.000000000000000000e+01
-9.921554996834149875e+00
-1.333709226484949273e+00
