3.662726917060733278e+00
-9.804846593054239445e-01
8.194934710075345574e-01
-1.605552828322568848e+00
-3.319299589161097241e+00
9.163037080645352717e+00
2.445286606369299065e+00
-1.872414687421441126e+00
6.941288384978076209e+00
-7.569278613415324486e+00
-6.813033371553212980e+00
2.736727980659575010e+00
7.399832740337243919e+00
7.118270804157917020e+00
-1.605860623793789799e+00
4.136452598222294164e+00
-9.477246425043704292e+00
5.838987303513953897e-03
-1.000000000000000000e+01
-1.527745858906152110e+00
-5.474633520450842283e+00
-6.488331219001458372e+00
-5.619099230764996733e-01
4.693464112596520188e+00
9.698699387650075110e+00
-6.183029380723727986e-01
-2.049092001238457250e+00
2.832760434728231580e+00
6.343431113119575748e+00
-2.934549049700052148e+00
-8.336527963363318250e+00
4.408622007530833997e+00
8.269187997262445577e+00
-7.274938074890403783e+00
4.781946342399300498e+00
3.274989283470742141e+00
-6.501947893558218006e+00
7.127052938406055915e+00
7.547201987424569936e-01
5.753046773674121539e+00
-2.396931222252232097e+00
-7.846108975710908151e-01
9.432503748307892621e+00
1.767775542338556605e-02
2.499163350787488191e+00
-8.079497315432107030e-01
-1.000000000000000000e+01
3.977771900314023945e+00
-7.102841930332127518e+00
7.117429038806506014e+00
-7.490466546058040187e+00
-3.295023914291850708e+00
3.366511010390681680e+00
-8.177632688841976361e+00
-4.172962861389642342e+00
7.606684131520560221e+00
-2.056167825156737461e+00
2.151410812318666821e+00
9.105167406462699731e-01
-1.435564736108544626e+00
-4.449983365092652576e+00
2.990973997927451222e+00
-2.460566497002653286e+00
6.355080713407476267e+00
-3.824010058661135858e+00
-6.542307932005395621e+00
1.946044296948532981e+00
6.330286027650503300e+00
-7.018621867998112052e+00
-1.248851633245432247e+00
1.146942791327005162e+00
7.271018288234112781e+00
-6.071630509871401848e-01
2.707713328883380122e+00
7.965524451214320401e+00
9.636629439923561691e+00
-6.333567661298336038e-01
7.965426957201594549e-01
1.000000000000000000e+01
-7.418218184988785602e+00
3.608032827341590920e+00
3.796819099479209925e+00
-3.750356643373764065e+00
-6.874819798286999628e+00
2.168550293897038017e+00
2.241163538856321580e+00
7.534122146849603574e+00
-1.021373849223736308e+00
7.639411546320658886e+00
-6.958052946110113268e+00
-5.873677948416255568e+00
6.042162587727428757e-02
-2.963261740823170953e+00
4.156547090848709658e+00
5.865225061012174557e+00
5.404393100262496752e+00
-3.616755825023768800e+00
-2.614033529395246358e+00
4.998179994189186903e-01
-2.362509204491808568e+00
-5.117685492885255982e+00
-3.395661077877922374e+00
9.780789507386375092e+00
1.704959639999200416e+00
-2.371947010431510461e-01
-9.858960175267021953e-01
-6.872244953973470238e+00
-6.970505264932929101e+00
1.449078642228198710e+00
1.634691528588565923e+00
5.479374885579354704e+00
-3.927200289765648833e+00
6.906002035554417162e+00
-8.297537816774385178e+00
-2.413995226844657171e+00
-8.990220984918135372e+00
-9.251988067417686423e+00
9.354061632151266181e+00
-8.008920723257311636e+00
6.121479316306516871e+00
9.552461535511316271e-01
7.978748183311377140e-01
9.602256773574108450e+00
-8.678263285717566333e+00
8.207811965337594273e+00
-5.552074806575171273e+00
-1.157480625562139931e+00
-4.321864438272580600e+00
-5.865670479468856335e+00
6.069343999358732589e+00
-2.010865184874004896e+00
-4.067440431544116386e+00
8.499576497715731094e+00
8.833976805163967772e-01
1.000000000000000000e+01
2.506645342870925219e+00
7.060859211763084176e+00
5.030131852899925704e+00
-3.815239743383438409e+00
-2.256862300455397374e+00
-1.950570353155591352e+00
8.797472972373551192e-01
4.457060904521654265e+00
-4.838270901092180942e+00
7.273263811183936056e+00
6.873763235337894351e+00
9.219334309097492408e+00
-1.126269786798698602e+00
9.674219535966578576e+00
9.020254852072151053e+00
8.238297946754485679e+00
4.571150223158038983e+00
7.672288109741085549e+00
-6.605850122115906942e+00
-8.889179837242469517e+00
-4.248176931223429875e+00
1.778848708524092714e+00
-7.443196222741681467e+00
7.149952921930907479e+00
9.039962709808830876e-01
6.135735897521710225e-01
-2.589099855811388018e+00
4.445209623711680713e+00
7.994934316955373710e+00
-8.162189575721354728e-01
4.783595766690813988e+00
7.522310841814004334e+00
3.876678721941937411e-01
5.756622892994223584e+00
7.679387428015709283e+00
-3.204841225115263814e+00
-5.368295517862008204e+00
-7.857858857667223695e+00
-5.196317514718974406e-01
6.923650957994969879e+00
-9.647840961783732183e+00
-3.292232169648229512e+00
4.174330784280055440e+00
4.761428560330211113e+00
3.246054587342844577e+00
-8.010766611895466127e+00
-1.846833981601460284e+00
-5.865953038735298719e+00
-8.611399444005728654e+00
2.124051221399849254e+00
-6.711752291887564503e+00
3.202053304830549507e+00
-9.361337673656708880e-01
-2.362432458288029835e+00
-5.573534460199247142e+00
-3.463963789086732525e+00
1.104084689285363741e+00
8.205995372669876886e+00
-6.043841232636412153e-01
4.478056325031447571e-01
-5.915704538626700426e+00
5.957405549536132661e+00
5.139217063410423059e+00
9.487121009572806685e+00
-3.475415073194127125e+00
-1.722052743779338257e+00
4.420641578386947046e+00
3.676124514094366025e-01
-5.465839211849919721e+00
-3.370209009788361243e+00
-7.012402122037368457e+00
9.634156425041322080e+00
-7.767076123015947964e-02
-6.693913507218053560e+00
2.283723301446827669e+00
9.130275278174654119e+00
-5.883472413180776961e+00
7.188024483557144961e-01
3.308414286484448574e+00
-2.278676777744395476e+00
-1.613909562214434823e+00
-7.956024904137562359e+00
6.705361120938976072e+00
9.330137385095448321e-01
-9.866673356507423165e+00
3.859208883208637086e+00
-4.890702336417756868e+00
-3.298650287171718265e+00
-7.957449105812014700e+00
-6.838753748766112750e+00
-2.155930158219952375e+00
5.687091334674214238e+00
-1.373168335793458761e+00
2.419417348913877941e+00
4.562638849777437500e+00
-8.919261718715331355e+00
-2.451001726948302650e+00
-2.604115422250782852e-01
-8.015863062464344324e+00
8.909785232165015501e+00
-2.868038091265104672e+00
6.318026598387073811e+00
2.009724502533026147e+00
9.555182561442371991e+00
1.579654784852278393e+00
-7.240126556897229504e-01
3.788213811861884217e+00
-7.136180214914576325e+00
-6.341356126402000193e-01
6.871933559184094875e+00
2.549341087372395176e+00
1.501667137634678184e+00
6.548263882481683673e+00
-3.139844868152651181e+00
-5.198049839008960227e+00
-9.294608100009645213e+00
8.181477180853098830e+00
-7.064471420655068279e+00
-3.980483576051763173e+00
7.056393372254526675e+00
-2.379732325941886995e+00
-7.078383399508338059e+00
1.000000000000000000e+01
4.215515168662521184e+00
2.399226299013275110e-01
-8.993657435650932896e+00
1.000000000000000000e+01
-1.654576974088801222e+00
1.207062892376444374e+00
6.156977382546810595e+00
