6.317523676061489457e-01
4.089993875710451476e-01
-3.600857887345251251e-01
-1.991738916841754026e-01
7.906988177006961660e-01
2.234407352057649065e-02
-3.856371567510694098e-01
3.597660960350917980e-01
2.655081351192624672e-01
-1.000000000000000000e+00
3.513493540644103685e-01
9.121069428226277198e-01
3.542470031692049326e-01
-5.380430585136769528e-01
-2.810499341928336947e-01
-4.546560600559556020e-01
-1.000000000000000000e+00
1.791226854377425404e-01
4.700834538405206375e-01
-2.430774224919429183e-01
1.000000000000000000e+00
-9.376853470865798013e-01
-9.376121570490589807e-01
-9.125630042616666993e-01
-4.953107904949310414e-01
-4.236009409319554941e-01
-9.306463792804960111e-02
-7.500194730612393945e-01
-3.992991264558319320e-01
-2.371987616563075718e-01
5.513148431661417659e-01
5.172252934355727749e-01
2.848243044085245756e-01
-1.000000000000000000e+00
-1.000000000000000000e+00
2.050931809039301945e-01
-6.927617953792361005e-01
-4.079503546334994901e-02
-3.818058628362933082e-01
3.442814635304124460e-01
-7.049165572201578911e-01
6.402809238873322650e-01
-6.880166058905068383e-01
1.609935236543920678e-01
-7.504039440555723695e-02
2.175441803710883859e-01
4.431984589387356621e-01
-1.000000000000000000e+00
5.908987766013442666e-01
-1.479572941800862684e-01
2.630232047663861872e-01
-2.567765315197868548e-01
3.148183710643527311e-01
-7.018095601018254914e-01
-8.596257682021787860e-02
6.115216352509602604e-01
-6.149425019470745185e-02
-4.505158745287498046e-01
7.680470098623917719e-02
3.177342784839193301e-01
-6.376567282151310856e-01
-2.673262922499377026e-01
-4.664788857663244026e-01
5.921458688934353454e-01
-1.101457698710802541e-01
4.424251042945497869e-01
-1.959760585466797655e-01
2.755750167083863555e-01
-3.282845352792172489e-01
3.492797474518904988e-01
-3.218652293810815579e-02
9.348443018513546976e-01
-1.763221698885798494e-01
4.515222393720127458e-01
7.599339864575107573e-01
-2.871757626784978701e-01
-1.000000000000000000e+00
-4.227365554738483633e-01
4.501465483319870287e-01
3.479660585125085581e-01
-1.000000000000000000e+00
1.000000000000000000e+00
4.149644285305619240e-01
-1.644805112094989419e-02
-9.342468372215874117e-01
-4.423660445848423550e-01
-2.530069304441440181e-01
-1.012396728812639257e-01
9.266592465393593825e-01
-2.452378966715969555e-01
-7.942726555082408879e-01
-7.234358048687230536e-01
5.011000260827057351e-02
2.330782253494590173e-01
8.452321135119598150e-01
5.114666273945494002e-01
-4.677492996642218515e-02
1.036770460479976771e-02
6.789011278807355332e-01
2.154757809325592022e-01
7.591040801597916943e-01
-1.841009033032371678e-01
-5.673343863853829161e-01
8.538033659423159838e-01
3.734950136412137356e-01
-1.621191135748719647e-01
-4.248399160140475805e-01
1.016498054920412369e-01
3.254455332649927035e-01
-7.976157766674537575e-01
-9.223796297628500396e-01
5.303790397613908913e-01
6.841549945554151746e-01
4.109031978378611116e-01
-2.202936678738585119e-01
8.017359222935487306e-01
6.697406261981890818e-01
-6.585991353461598807e-01
4.105697684277593851e-01
1.360340625741789655e-01
-5.069774684937037312e-01
-2.617122553025128320e-02
5.063139395963027756e-01
2.914102874634456608e-01
-1.000000000000000000e+00
-9.184344290195943783e-01
-4.806968987881031774e-01
5.242808334486881439e-02
-1.000000000000000000e+00
1.804907260331987673e-01
5.736564544145199562e-01
1.846656077183487232e-01
-1.000000000000000000e+00
2.817222913744623636e-01
4.034967293808124911e-01
-3.539853812201510519e-01
-4.098710988841418601e-01
8.998097079445368518e-01
-3.188494740735813848e-01
1.766024269036804428e-01
8.913510034061743192e-02
1.266409834886363661e-01
1.149059724433437457e-01
-5.445634091906519370e-01
-5.084670637603462273e-01
3.932243811245594300e-01
1.683285526848348757e-01
-4.938577935262403740e-01
5.850969267267887020e-01
-3.972121367580580542e-01
-1.000000000000000000e+00
-1.592615941523014000e-01
-6.340303790849741716e-01
-1.000000000000000000e+00
-1.676115353967463362e-01
2.916074838713063611e-01
-5.803496914357730851e-02
4.534210505342420316e-01
4.403521289092353075e-01
1.321428431473700982e-01
2.009818235269618114e-01
5.520399946871058505e-01
-2.553200505730358061e-01
-8.399923322715947549e-01
4.636831537537887127e-01
-6.568693224184983803e-01
-2.967173264041976510e-02
-8.073796114126101375e-02
-1.243075543331880056e-01
-2.982179722048837189e-01
-3.267290332821731758e-01
6.940180941980689244e-01
-7.016123154752766933e-01
6.094689367165373461e-02
-8.342584738512524023e-01
6.120357578569881607e-01
-3.932212262678015935e-01
2.650777719462689141e-01
-1.840262004370379900e-01
3.567425521596298554e-01
2.141624716290385644e-01
4.388021848829435356e-01
-8.407029969878249132e-01
3.338829203121907452e-01
-5.345953049822328440e-01
6.266839654946610993e-01
3.115206866854390300e-01
4.392063973449739089e-05
4.210416984221917319e-03
2.896281259947553477e-01
-4.437850957766983906e-01
-7.779619737796947820e-01
-5.079661148216416677e-01
-1.824953771057032936e-01
-6.482167420287193726e-02
7.565775364577058404e-02
-1.000000000000000000e+00
-1.921998152728979503e-01
1.869470230371166053e-01
1.412045391755327173e-01
4.784776296071696633e-01
5.792452036535689075e-01
-2.018822174515287060e-01
-1.000000000000000000e+00
2.820544413842201448e-01
2.481502893977977631e-01
-2.264095781973857191e-01
4.705452499276489009e-01
2.347546172062008885e-01
-5.894681119221389931e-01
-8.521014983390312603e-02
1.535650242787579833e-01
2.515978385613593660e-01
8.162063922189320975e-01
-2.485859906467349778e-01
4.508891809797057615e-01
-1.057249289006470527e-02
1.201626801175439962e-01
2.542083592192365127e-04
-3.446129106360885097e-01
6.027301320054637701e-01
4.740082555939812980e-01
-4.710175365696843419e-02
5.663506211646688326e-01
1.000000000000000000e+00
8.880449585785027411e-01
-7.095184135550498539e-01
-1.418330646181206467e-01
-1.000000000000000000e+00
-3.650989993752917773e-01
2.690249033609307672e-01
-1.782766176068606434e-01
-9.335855680775085874e-01
9.024213960220626163e-01
3.139734262806775922e-01
-2.879517101098132970e-01
-9.269708459722025840e-01
-1.356059564159823316e-01
-8.994240023786161109e-03
5.269180869011025337e-02
-7.438256495851266470e-01
-3.584721092996354108e-01
5.117416190414091071e-02
1.687602587760123618e-01
6.811581359948597481e-01
-3.436260226209152391e-01
9.458852224398358599e-01
-1.000000000000000000e+00
8.383298086708206309e-01
3.839847469343578013e-01
-1.969619664726194319e-01
4.991664327366112097e-01
-9.130634741137461097e-02
-4.838835750145997761e-01
2.237135117489415237e-01
-5.608761912312518749e-01
-3.188500829384475210e-01
3.620427423704467573e-01
-4.383652827837640764e-01
8.894303267759376408e-02
1.337323074384764166e-01
2.545725185269503421e-01
-1.944399904977364979e-01
-1.484783302939405303e-01
3.130248466909441585e-01
